18202 29020
14698 29316
14504 29816
12558 30123
12322 30538
11364 30542
10632 30569
9460 30677
9225 30704
5235 31271
3905 31568
2627 31811
2315 32018
1567 32777
991 33725
887 34007
808 36406
128 36438
92 36996
0 40584

8774 30351
7469 30476
6657 30576
6483 30591
6222 30616
5993 30703
5822 30790
5696 30791
2785 30847
2524 30872
2295 30959
2124 31046
1998 31047
1732 31222
1668 31346
1611 31362
1345 31537
1300 31600
920 31908
804 32073
612 32090
436 32348
236 32993
136 34505
32 35191
0 36580

7231 30435
6982 30460
6970 30539
6753 30547
6582 30634
3533 30691
3284 30716
3272 30795
3055 30803
2884 30890
2144 31066
1900 31170
1744 31474
1216 31620
568 32106
436 32558
236 32868
136 33234
128 34652
80 35717
0 37912

6241 30282
5458 30357
3613 30359
3284 30409
2740 30485
2481 30589
2280 30693
2144 30759
1900 30863
1744 30947
1668 31071
1384 31148
1216 31313
876 31629
568 31799
436 32251
236 32561
136 32927
128 34345
92 35209
32 36183
0 36375

31340 36404
30866 36479
25800 36516
25326 36591
23496 37371
21716 38255
21626 38369
20856 38931
19950 40184
19278 40335
19012 40699
17500 41047
15670 41827
15208 43224
14948 43616
14624 43960
14337 44106
12186 44436
11840 44686
11452 44791
10361 44862
10306 44936
10213 44966
9946 45161
9907 46006
8607 46214
8233 46580
7992 47239
7726 47603
7092 49447
6284 49731
6252 49773
5986 50137
5762 50823
5693 51483
5469 52169
4739 53035
4636 53266
4412 53952
4367 54183
4317 57550
4052 57608
4016 57722
3602 58569
3570 58761
3435 59715
2982 62724
2937 62805
2671 63309
2447 63995
1688 66833
584 71841
482 75097
32 75137
0 75349

7095 30915
2955 31410
2475 31530
2283 31653
1637 32078
1081 32470
613 32821
568 32892
496 33078
136 34018
128 35060
32 36170
0 37090

9696 28907
9420 28932
9176 29019
5998 29163
5722 29188
5478 29275
4754 29538
4034 29694
3134 29902
2967 29954
1503 30578
1335 30766
975 31706
895 33710
216 34137
136 36141
32 36827
0 38216

15304 28882
14521 28957
14318 28982
12422 29282
12178 29386
12103 29821
11936 29873
10260 30146
10228 30601
10118 30716
7820 31186
7796 33014
7148 33500
6716 33929
5423 35572
5399 37423
4415 37648
4319 38315
3992 38602
3888 39072
3811 40006
3655 40770
3379 41134
3144 42729
2647 42846
2543 43644
2300 45102
2196 45572
1888 46314
1784 47527
1543 47630
1439 48100
1370 48486
1232 49818
1163 50412
335 54343
128 55798
92 56699
0 59209

11049 28922
10237 29022
7351 29178
6539 29278
4643 29578
3309 30038
3065 30142
2381 30592
1733 31078
1327 31652
895 32780
136 35211
128 36629
0 39889

11753 30923
8055 31179
7613 31418
6893 31598
3915 31674
3195 31854
2295 32094
2128 32154
664 32874
496 33078
136 34018
80 37038
32 37935
0 38939

8271 29138
8148 29163
7488 29213
7321 29265
6898 29445
6335 29538
5912 29718
5604 29964
5190 30173
4968 30702
3932 31057
3120 31733
2360 32773
2214 33137
1828 33501
1724 34187
1428 37134
1217 37148
1076 37229
1029 37549
972 37915
938 38053
668 38174
522 38538
406 38781
136 38902
32 39588
0 40977

10349 36629
8609 36715
8413 36757
7279 36904
6001 37147
5373 37189
5329 37483
3603 37489
3207 37598
2325 37732
2222 37752
2071 37814
1769 38012
1457 38219
709 38978
616 39077
232 39709
136 39961
128 39991
92 40549
0 43127

4480 37697
3568 37724
3446 37784
3355 37896
3168 38038
3112 38093
2742 38309
2022 38410
1900 38470
804 38605
568 39550
136 39961
32 41580
0 43121

10565 28882
9818 28966
9512 29008
9507 29138
8634 29264
6653 29726
6471 29873
5984 29927
5889 29957
5610 30115
5506 30679
5468 30797
4915 30900
4830 31053
3040 31101
2530 31271
2412 31334
2182 31403
2000 31586
1770 31661
1688 31793
1612 31853
940 32552
895 32615
853 33509
281 34277
232 34496
136 34501
92 35561
0 38738

2539 42969
1819 43209
1594 43289
1033 43892
904 44093
232 45541
128 46027
80 47375
32 48121
0 48321

3568 40038
3446 40098
2292 40772
2170 40832
2114 41178
2041 41260
1819 41632
1594 41712
838 41912
783 43031
406 43136
391 43299
232 43964
128 44450
112 44940
80 45798
32 46695
0 46895

9483 28882
8700 28957
8497 28982
5592 29138
5002 29213
4799 29238
4428 29306
4195 29348
2903 29538
2659 29642
2503 29726
2143 29927
1975 30092
1327 30578
895 31706
568 32980
436 33432
236 33742
136 34108
32 36287
0 37647

11185 28922
10779 28972
7487 29178
7081 29228
5999 29578
5863 29648
5599 29766
5440 29828
4665 30038
4242 30218
3998 30322
3842 30406
3482 30607
3314 30772
2666 31258
2534 31710
2260 31832
2128 32284
1928 32594
1828 32960
1820 34378
1216 35504
568 35990
524 36380
436 36442
236 36752
136 37118
128 38536
80 39450
0 41887

7541 32078
6891 32402
6562 32410
5779 32509
5576 32542
4833 32562
4243 32669
3869 32678
3669 32762
3436 32812
3155 32903
2144 33098
1900 33218
1744 33262
1384 33487
1216 33691
568 34298
496 35147
136 35522
128 36796
92 39510
0 40472

10259 35767
9455 35875
5529 35909
3789 35995
3523 36170
3309 36346
2455 36710
1871 37615
1156 38203
580 38388
496 38490
136 39430
128 40576
32 41580
0 42606
