7746 30026
7417 30076
6873 30152
6614 30256
3613 30359
3554 30396
3284 30409
2740 30485
2481 30589
2280 30693
1744 30947
1668 31071
1384 31148
1216 31336
876 31629
436 32251
236 32561
136 33458
128 34688
92 35246
64 37351
0 37604

14539 31579
10841 31835
9303 32174
7805 32334
5605 32430
3563 32889
1771 33159
1653 33230
1341 33437
929 33721
181 34480
136 34551
92 35233
32 36170
0 37181

3568 37724
3446 37784
2846 38155
2689 38339
1300 38841
1216 38943
524 39744
436 39881
236 40566
216 40861
136 41393
80 42990
32 43572
0 44502

7211 30591
6689 30641
6486 30666
6443 30726
5696 30791
3513 30847
2991 30897
2788 30922
2745 30982
1998 31047
1732 31222
664 31762
496 31950
136 32890
32 35191
0 36429

18107 30506
16793 30650
16561 30682
7095 30915
2955 31410
2475 31530
2283 31653
1637 32078
1081 32470
613 32821
568 32892
136 34020
128 35060
32 36321
0 37241

34903 31778
29521 31922
28385 31954
12728 32021
10766 32306
9602 32506
9369 32556
6036 32562
5454 32662
4884 32762
4651 32812
2959 33262
2599 33487
2431 33691
1783 34798
1351 36022
1336 36109
1200 40000
1154 40983
990 41501
622 41654
406 41830
391 42028
347 42710
270 45062
252 45333
136 45851
92 46533
0 49083

13217 32214
11798 32302
10866 32502
7109 32900
5268 33010
4241 33018
3719 33084
3490 33179
3319 33274
3154 33530
2579 33546
2335 33666
2179 33710
2170 33922
1819 33935
1651 34139
1486 34395
1381 34619
1003 34746
838 35002
733 35226
706 35454
671 35508
506 35764
401 35988
386 36101
301 36450
286 36563
236 37851
136 38313
92 39614
0 43354

14225 31379
7109 31499
6906 31532
6848 31552
5924 32050
5054 32350
5020 32682
3254 32990
3124 33078
1790 33538
1622 33742
1545 34292
1216 34316
620 35662
360 36147
256 36475
136 37055
80 38112
0 41477

6195 30531
5367 30630
3471 30930
3227 31034
2955 31410
2543 31484
2475 31530
2283 31653
2195 31799
1895 31970
1791 32003
1637 32078
1081 32470
613 32821
568 32892
136 34020
128 35060
92 35233
32 36321
0 37241

10868 30767
10259 30842
10085 30866
8285 31346
7245 31910
6821 31970
6795 32030
6653 32158
5845 32450
5471 32654
5416 32970
4948 33321
4903 33392
4776 33479
4695 33644
4551 34020
4471 34520
3786 38406
3706 38906
3651 39360
3571 39860
3471 40330
3227 40474
2955 40810
2893 40915
2475 40970
2283 41113
2141 41411
2023 41482
1575 41685
1345 42081
613 42621
568 42692
541 43512
468 43645
136 44060
32 46488
0 47430

7435 37415
3737 37671
3473 39133
2475 39198
1819 39318
1594 39398
1515 39882
1033 40001
904 40202
736 41314
567 41429
232 41650
128 42136
32 42870
0 43062

10289 30026
9593 30091
9506 30101
9071 30141
8904 30193
7371 30282
5895 30347
5373 30397
5206 30449
5074 30870
4405 31071
3498 31177
3096 31729
2967 31823
2240 32061
1576 32482
1428 32586
522 33990
136 34354
32 35191
0 36429

9483 28882
8700 28957
8497 28982
5773 29138
5512 29163
5002 29213
4799 29238
2903 29538
2659 29642
1975 30092
1327 30578
1216 31313
895 31706
568 31799
136 32927
128 34345
32 35228
0 36526

8058 28882
7741 28932
7476 28966
7197 29008
7185 29087
6938 29112
4360 29138
4043 29188
3778 29222
3499 29264
3487 29343
3240 29368
3039 29472
2903 29538
2659 29642
2503 29726
2427 29850
2143 29927
1975 30092
1635 30408
1327 30578
1195 31030
995 31340
895 31706
436 33484
236 33771
136 34137
128 35555
32 36438
0 37736

3117 37524
3031 37648
2071 37814
1769 38012
1457 38219
1172 38822
709 38978
616 39077
424 39581
232 39709
128 39991
112 40073
92 40549
32 41320
0 41678

10179 36183
9976 36216
9665 36242
9432 36292
9030 36516
8894 36678
8650 36798
8227 37163
7983 37283
7460 37508
7338 37568
3762 37764
3640 37824
2986 38667
2860 38762
2308 38904
2250 39006
2176 39356
1976 39666
1918 39768
1818 40230
1628 40593
1310 40702
1247 41157
830 42009
316 42683
232 42864
128 43350
0 47376

13982 28882
13308 28944
13199 28957
12834 29019
10284 29138
9610 29200
9501 29213
9136 29275
7784 29538
7758 29600
6209 29902
6042 29954
4578 30578
4410 30766
3095 31006
2645 31110
2478 31162
1014 31786
984 31802
816 31990
456 32930
441 33019
396 34273
376 34307
361 34396
216 34743
136 36358
80 37226
0 41228

4372 29138
4043 29188
3499 29264
3240 29368
3039 29472
2903 29538
2659 29642
2503 29726
2427 29850
2143 29927
1975 30092
1635 30408
1327 30578
1195 31030
995 31340
895 31706
876 32810
568 32980
436 33455
236 33771
136 34108
32 36287
0 37647

24528 32762
23631 32786
22495 32818
6387 32986
5355 33010
5026 33018
4243 33117
4040 33150
2144 33546
1900 33666
568 34746
136 35970
32 38703
0 40100

4491 32018
3771 32198
3567 32249
2619 32399
2574 32407
2308 32582
2295 32702
1998 32711
1732 32886
1240 33122
664 33482
496 33686
136 34626
128 35668
32 36776
0 37698

9290 28882
8700 28957
8497 28982
8126 29050
7893 29092
5592 29138
5002 29213
4799 29238
4428 29306
4195 29348
2903 29538
2659 29642
2503 29726
2143 29927
1975 30092
1327 30578
895 31706
887 33467
568 34053
136 34137
128 35555
92 36456
80 36469
0 38815

7600 37427
5773 37798
4603 37878
4363 37958
3951 39180
1819 39318
1594 39398
1033 40001
904 40202
783 40717
505 41245
232 41650
128 42136
92 43109
80 43484
32 44381
0 44581

4603 37878
4363 37958
1819 39318
1594 39398
1033 40001
904 40202
783 40717
505 41245
232 41650
128 42136
92 43109
80 43484
32 44230
0 44430

3601 30359
3533 30384
3284 30409
3019 30443
2740 30485
2728 30564
2481 30589
2280 30693
2144 30759
1900 30863
1744 30947
1668 31071
1384 31148
1216 31313
876 31629
568 31799
436 32251
236 32561
136 32927
128 34345
92 35246
80 35259
0 37605

7243 30091
6982 30116
6753 30203
6582 30290
3545 30347
3284 30372
3055 30459
2884 30546
2144 30722
1900 30826
1566 31047
1300 31222
1216 31276
568 31762
436 32214
236 32524
136 32890
128 34308
80 35222
32 36146
0 36338

13386 29163
13036 29251
12484 29301
10544 29482
9338 29507
8786 29557
8418 29613
7374 29713
7207 29765
6046 29957
5002 30057
4799 30082
2903 30382
2659 30486
1975 30936
1327 31422
895 32550
791 34507
136 34981
32 36938
0 38327

11762 37456
10052 37699
7638 38158
6890 38455
6590 38855
6128 39537
5606 40590
5317 43646
5017 44046
4639 44604
4094 44694
3828 45492
2726 48912
2610 49430
2415 52563
2280 55020
1830 66180
1756 66256
1333 69415
729 75066
714 75179
628 76159
358 77106
296 77306
172 77864
128 78234
96 78244
64 81559
0 82468

12201 29138
11611 29213
11408 29238
11037 29306
10804 29348
10302 29413
9912 29538
9488 29642
9272 29726
9152 29927
9081 31175
8525 31427
8444 31490
8120 32057
7904 32447
7727 33734
7501 33901
7290 34068
6755 34313
6595 34628
6172 35582
5507 36833
5452 37493
5084 37787
4464 39030
4041 39984
3992 40203
3739 41998
3451 43970
3412 44502
3019 45050
2980 45258
2635 46753
2260 48310
1915 49805
1792 51372
1447 51846
1378 52232
1240 53346
1171 53940
1104 56678
1035 57272
688 57444
136 60962
84 63608
0 65134

11703 31436
10806 31571
9823 31652
7733 31949
7269 32109
5793 32246
5329 32406
4906 32586
4662 32690
4346 33126
4198 33230
3942 33602
2954 34954
2906 34998
2548 35528
2500 35572
1924 36520
1820 36802
1744 39850
1692 40390
1068 40530
808 42167
232 43115
128 43397
92 43955
0 46314

5169 30571
4966 30596
4908 30624
4450 30854
3234 31654
2002 32522
1802 32832
1460 33298
1120 33996
745 34063
638 34243
436 34590
236 34900
204 35937
184 36057
136 36436
128 37870
32 38858
0 40164

3568 37724
3446 37784
2846 37866
2689 38050
2022 38410
1900 38470
1300 38552
1216 38654
1120 39408
568 39550
436 40002
236 40312
136 40774
80 42450
0 45815

4717 37504
3957 37612
3603 37672
2325 37915
2222 37935
1769 38232
1457 38439
1172 39042
709 39198
616 39297
424 39801
232 39929
128 40211
112 40293
92 40769
32 41540
0 41898

4975 30531
4699 30564
4211 30754
3471 30930
3227 31034
2724 31122
2550 31182
2306 31286
2283 31653
1622 31736
974 32222
568 32796
496 33078
281 33583
232 33743
136 33924
128 35060
92 35956
32 36168
0 37090

3568 37724
3446 37784
2292 38458
2170 38518
2022 38658
1900 38718
1819 39318
1594 39398
838 39598
568 39798
406 40822
391 40985
136 41022
128 42136
112 42626
92 43109
80 43484
32 44064
0 44430

11399 36183
10790 36282
9123 36521
7383 36607
6277 36838
6033 36958
5345 37398
3568 37724
3446 37784
2846 38155
2689 38339
2022 38410
1900 38470
1300 38841
1216 38943
1120 39408
568 39550
436 40002
236 40312
136 40774
128 42208
80 42450
32 43347
0 44502

15919 36725
9801 36794
9011 36959
8745 37134
7933 37876
7859 38059
7701 38096
7585 38269
7501 38504
7361 38510
7359 38720
7074 39069
6839 39104
6459 39174
4699 39210
4061 39298
3539 39364
3310 39459
3139 39554
2871 39857
2605 40088
1821 40255
1555 40486
1375 40884
1079 41172
1011 41345
691 41478
491 41788
446 42181
431 42393
287 44420
255 44620
236 45955
32 46125
0 47894

7854 29163
3714 29538
3234 29642
3042 29757
2757 29863
2491 30038
2370 30178
2334 30217
2104 30353
2059 30416
1840 30542
1423 30578
1255 30766
895 31706
664 32980
496 33168
136 34108
128 35526
32 36409
0 37556

5700 40011
3568 40038
3446 40098
2114 41178
2041 41260
1819 41632
1594 41712
1033 42315
904 42516
783 43031
505 43559
232 43964
128 44450
32 46544
0 46744

12256 34083
11150 34258
10429 34398
8399 35766
5929 35838
5368 36417
5239 36610
4567 37994
4463 38464
2972 44866
2300 46250
2196 46720
2100 48709
2068 48901
1867 50551
1783 50724
1679 51194
1444 51504
1397 51890
1316 53685
1269 54071
739 59590
692 60206
551 60620
363 62640
316 63226
235 64821
128 64922
0 68079

22000 35426
19019 35514
18207 35646
18042 35806
15969 35906
15156 35930
14344 36062
11399 36183
10790 36282
10580 36562
7383 36607
6277 36838
6033 36958
5345 37398
3568 37724
3446 37784
3306 38133
3040 38364
2292 38458
2170 38518
2114 38864
2041 38946
1819 39318
1594 39398
838 39598
783 40717
568 40773
406 40822
391 40985
232 41650
136 41997
128 42136
112 42626
32 44230
0 44430

7883 30915
7369 30974
6497 31205
5123 31245
4733 31370
4309 31474
4093 31558
4047 31666
3793 31700
3567 31786
3375 31909
3223 32114
2590 32131
2324 32306
2173 32726
1706 32852
1705 33077
1588 33078
1230 33538
1162 33703
824 34488
756 34661
522 35269
256 35633
32 37393
0 37860

2702 37517
2126 37702
1969 37886
1156 38203
580 38388
496 38490
136 39430
128 40576
32 41580
0 42606

9483 28882
8700 28957
8497 28982
5785 29138
5002 29213
4799 29238
2903 29538
2659 29642
1975 30092
1327 30578
1216 31276
895 31706
568 31762
136 32890
128 34308
0 37568

7095 31171
6968 31567
2955 31666
2475 31786
2283 31909
2128 32154
1637 32334
1475 32706
1081 32726
664 32874
613 33077
496 33078
361 33735
280 33900
136 34018
96 35169
92 35489
32 36168
0 37709

1407 37215
1033 37601
904 37794
709 38978
616 39077
232 39178
128 39648
92 40549
32 41486
0 41678

5323 35831
3883 35957
3079 36065
2893 36182
2627 36357
2471 36465
1895 36897
1752 37054
1566 37171
1300 37346
1144 37454
568 37886
136 39014
128 40306
32 41164
0 42336

6223 35799
5323 35831
4783 35925
4519 35939
3883 35957
3079 36065
2893 36182
2627 36357
2471 36465
1895 36897
1819 36987
1752 37054
1594 37059
1566 37171
1525 37334
1300 37346
1144 37454
1033 37638
904 37831
793 37874
568 37886
356 38462
236 38648
136 39014
128 39685
32 41164
0 41715

20414 29860
18884 30022
17579 30435
17419 30543
15679 30705
13600 31021
13365 31048
12629 31359
10705 31426
9711 31615
8826 32308
8255 32581
7370 33274
7046 35247
5858 36967
4973 37660
4550 38614
4226 39460
4218 40878
3896 41638
3888 43056
3658 43256
3598 43669
2917 43767
2813 44237
2677 45539
2581 46595
2543 47053
1573 50323
1469 50793
1301 51779
1232 52292
1163 52886
991 56045
887 56515
811 61757
205 62656
128 62726
0 65794

12264 29882
8566 30138
6038 30538
2948 31138
2704 31242
2659 31262
1975 31712
1327 32198
1216 32856
895 33326
568 33342
136 34470
128 35888
92 36789
0 39148

5580 29138
4998 29222
4428 29306
4195 29348
2503 29726
2143 29927
1975 30115
1955 31271
1643 31478
895 32237
887 33467
884 33880
136 34639
128 35526
92 36427
0 38785

4603 37878
4363 37958
3827 38781
3583 38896
1819 39318
1594 39398
1033 40001
904 40202
783 40717
505 41245
424 41522
232 41650
128 42136
112 42626
92 43109
80 43484
0 45652

11859 30222
11568 30284
11309 30408
10629 30828
8724 31086
8536 31128
7788 31590
7700 31652
7340 32272
7156 33859
7016 34653
6796 35682
6247 36177
4943 36658
4520 37612
4160 38902
3976 40139
3876 41788
3631 41886
3372 42136
3328 42308
3027 42566
2983 42738
2851 42824
2651 43469
2551 43866
2543 45648
2511 47716
1547 48253
1478 48639
1447 48650
1378 49036
1338 52642
788 53569
688 53966
619 54540
305 58079
205 58476
136 59195
80 61178
0 64592

1407 37215
1033 37601
904 37794
783 38333
505 38845
424 39050
232 39178
128 39648
112 40073
92 40549
32 41471
0 41829

3568 37724
3446 37784
2846 38155
2689 38339
2292 38458
2170 38518
2022 38658
1900 38718
1570 38889
1486 38991
1300 39089
1216 39191
838 39598
568 39798
524 39992
436 40129
236 40560
136 41022
128 42456
80 42698
32 43595
0 44750

5104 37724
2786 38864
1819 39318
1594 39398
1033 40001
904 40202
232 41650
128 42136
80 43484
32 44381
0 44581

13018 28882
12592 28907
10100 29138
8894 29163
8452 29282
7732 29438
4754 29538
4034 29694
3134 29902
2967 29954
2143 30038
1975 30226
1503 30578
1335 30766
975 31706
744 32659
576 32847
216 33787
136 35127
0 41628

6241 30282
5458 30357
5035 30371
4513 30421
4310 30446
3359 30682
2414 30746
2170 30850
2140 30866
1456 31316
808 31802
664 32874
376 32930
361 33019
136 34018
128 35060
0 40052

19743 34346
19076 34390
15436 34439
13700 34839
13456 34943
12980 35339
12772 35393
12134 35728
11890 35832
11414 36228
11206 36282
10558 36768
10486 37684
10126 37896
580 38852
496 38954
136 39894
32 42195
0 43736

5824 37446
2126 37702
1969 37886
580 38388
496 38490
136 39430
32 41580
0 43121

12428 29138
11555 29264
11296 29368
11095 29472
10483 29850
9691 30408
9456 30442
9108 30490
8235 30640
7717 30864
7105 31242
6485 31799
6313 31800
6111 32003
5791 32430
5416 32828
5331 32941
5211 33401
5061 33425
4616 33941
4567 34168
4471 35249
4196 38013
3802 38554
3667 39508
3571 40589
3527 42154
3502 43291
3244 43762
3197 44168
3144 45882
3097 46288
3079 48668
2908 49214
2180 49334
1428 54118
676 59782
535 61237
347 63257
300 63843
112 66435
92 66745
72 67354
56 69129
48 69962
0 70909

7627 39378
6905 39809
3307 40818
3082 40898
2521 41264
2392 41386
2144 42386
1900 42546
1384 42798
1216 43042
568 43986
208 44929
136 45173
128 46647
92 46811
32 48543
0 49869

7243 30091
6982 30116
6753 30203
6582 30290
3545 30347
3284 30372
3055 30459
2884 30546
2144 30722
1900 30826
1216 31276
568 31762
436 32214
236 32524
136 32890
128 34308
32 35191
0 36338

21233 34010
17757 34560
15063 35106
14589 35181
12759 35961
7585 36432
6479 36663
6235 36783
4903 37863
4529 37871
4085 38183
3250 42372
1518 42459
664 43019
496 43263
136 44403
0 48616

8263 28882
7741 28932
7512 29019
7341 29106
4565 29138
4043 29188
3814 29275
3643 29362
2903 29538
2659 29642
1975 30092
1327 30578
1195 31030
995 31340
895 31706
568 31799
436 32251
236 32561
136 32927
128 34345
32 36183
0 36375

6195 33148
5367 33247
3471 33547
3227 33651
2955 34027
2543 34101
2475 34147
2283 34270
1895 34587
1637 34695
1081 35087
613 35438
568 35509
136 36637
128 37677
92 37850
32 38787
0 39707

9471 28882
9210 28907
8700 28957
8497 28982
5773 29138
5512 29163
5002 29213
4799 29238
2903 29538
2659 29642
1975 30092
1327 30578
895 31706
791 33856
136 34137
128 35555
32 36287
0 37585

4603 37878
4363 37958
3881 38309
3679 38431
3583 38896
3240 39098
3105 39212
1819 39318
1594 39398
1033 40001
904 40202
783 40717
505 41245
232 41650
128 42136
92 43626
32 44230
0 44430

11924 30270
8676 30670
8342 30774
7919 30954
7235 31404
7218 31822
6587 31890
6317 32268
6111 32452
5463 32938
5193 33316
4788 35165
4113 36082
3441 36460
3009 37588
2794 39696
2156 40667
2060 40916
1924 41439
1820 41909
1545 44314
1449 44563
1308 44644
1209 45556
1068 45637
464 47671
232 48443
128 48913
0 53905

40593 33789
40328 33797
39602 33845
39496 34205
36357 35011
35952 35191
31857 35205
30721 35237
23037 35509
22289 35597
21884 35777
20498 36459
19643 36912
17882 36984
14359 37088
12748 37176
11936 37308
10040 37704
9456 38611
9289 38671
7600 38904
7542 38991
7353 39421
6077 39540
5229 39997
5023 40061
4573 40245
3637 40740
3579 40772
3481 41176
2377 41325
2332 41357
1285 42256
1240 42288
1156 43891
1122 44082
232 44460
128 44946
0 48041

6835 33228
3905 33578
2911 33767
2746 34023
2571 34334
1879 34574
1455 34733
1290 34989
940 35088
895 35159
775 35344
730 35415
625 35639
571 36005
301 36485
286 36598
136 37576
32 41272
0 41472

3926 38085
3736 38120
3399 38179
2813 38273
2742 38309
1961 38435
1868 38455
1628 38555
1172 38822
1096 39515
424 39581
112 40073
96 40581
92 40643
88 41037
32 41818
0 42195

4412 37826
3746 38143
3598 38247
2866 38512
2200 38829
2052 38933
1576 39947
1428 40051
760 40701
522 41455
232 41570
136 41819
128 41852
32 42505
0 42697

4480 37697
2126 37702
1969 37886
580 38388
496 38490
136 39430
32 41731
0 43213

11444 36975
10835 37074
7266 37468
7144 37528
3568 37724
3446 37784
2846 37866
2689 38050
2022 38410
1900 38470
1300 38552
1216 38654
1120 39408
568 39550
436 40002
236 40312
136 40774
128 42208
80 42450
0 45724

2539 42969
1819 43209
1594 43289
1033 43892
904 44093
783 44608
505 45136
424 45413
232 45541
128 46027
112 46517
92 47000
32 47955
0 48321

36811 35459
36121 35594
34101 35994
33551 36304
25794 39377
24036 39659
23288 39956
21165 40858
17879 41427
15179 42317
13513 43374
11376 43642
10930 43944
10055 45014
9938 45228
9019 52876
7569 53343
6821 54322
6776 54385
4909 54430
1885 60772
1780 60996
1545 62491
793 68155
778 68268
666 68647
606 69043
418 70587
371 71092
324 71678
136 74522
92 75204
64 75642
0 80285

10209 30275
9933 30308
9445 30498
6511 30531
6235 30564
5747 30754
5007 30930
4607 31118
4247 31319
3771 31590
3731 31799
2871 31830
2704 31890
2567 31970
2377 32513
1240 32514
808 34173
232 34590
128 35060
92 35961
32 37049
0 37241

4975 30531
4699 30564
4211 30754
3471 30930
3227 31034
2955 31410
2543 31484
2475 31530
2283 31653
2141 31751
2023 31822
1895 31970
1757 31997
1637 32078
1345 32281
1081 32470
613 32821
568 32892
281 33583
232 33743
136 34020
128 38509
0 38562

9123 36521
8017 36752
7773 36872
6205 36937
5099 37168
4855 37288
4521 37597
4255 37828
3568 37884
3446 37944
2846 38315
2689 38499
2114 39024
2041 39106
1819 39318
1594 39398
1033 40001
904 40202
783 40877
505 41405
232 41650
128 42136
92 43269
80 44024
32 44390
0 44590

17565 33135
17247 33210
16689 33390
16464 33550
15795 34696
15477 34771
14919 34951
14224 35214
14097 35730
13725 35731
11565 36034
10467 36502
9540 36997
8282 37881
8184 38996
8109 39103
7991 39165
7251 39680
7221 39727
7058 39849
6531 39887
6241 40351
5951 40973
5804 41848
5476 41897
5383 42031
4999 42663
4895 42945
4880 44335
4652 44377
3852 44808
3777 44915
3659 44977
2889 45539
2436 45941
1144 47709
1051 47843
667 48475
563 48757
457 49879
353 50161
338 50722
323 50934
128 51646
0 53630

18202 29020
14698 29316
14504 29816
12558 30123
12322 30538
11364 30542
10632 30569
9460 30677
9225 30704
5235 31271
3905 31568
2627 31811
2315 32018
1567 32777
991 33725
887 34007
808 36406
128 36438
92 36996
0 40584

8774 30351
7469 30476
6657 30576
6483 30591
6222 30616
5993 30703
5822 30790
5696 30791
2785 30847
2524 30872
2295 30959
2124 31046
1998 31047
1732 31222
1668 31346
1611 31362
1345 31537
1300 31600
920 31908
804 32073
612 32090
436 32348
236 32993
136 34505
32 35191
0 36580

7231 30435
6982 30460
6970 30539
6753 30547
6582 30634
3533 30691
3284 30716
3272 30795
3055 30803
2884 30890
2144 31066
1900 31170
1744 31474
1216 31620
568 32106
436 32558
236 32868
136 33234
128 34652
80 35717
0 37912

6241 30282
5458 30357
3613 30359
3284 30409
2740 30485
2481 30589
2280 30693
2144 30759
1900 30863
1744 30947
1668 31071
1384 31148
1216 31313
876 31629
568 31799
436 32251
236 32561
136 32927
128 34345
92 35209
32 36183
0 36375

31340 36404
30866 36479
25800 36516
25326 36591
23496 37371
21716 38255
21626 38369
20856 38931
19950 40184
19278 40335
19012 40699
17500 41047
15670 41827
15208 43224
14948 43616
14624 43960
14337 44106
12186 44436
11840 44686
11452 44791
10361 44862
10306 44936
10213 44966
9946 45161
9907 46006
8607 46214
8233 46580
7992 47239
7726 47603
7092 49447
6284 49731
6252 49773
5986 50137
5762 50823
5693 51483
5469 52169
4739 53035
4636 53266
4412 53952
4367 54183
4317 57550
4052 57608
4016 57722
3602 58569
3570 58761
3435 59715
2982 62724
2937 62805
2671 63309
2447 63995
1688 66833
584 71841
482 75097
32 75137
0 75349

7095 30915
2955 31410
2475 31530
2283 31653
1637 32078
1081 32470
613 32821
568 32892
496 33078
136 34018
128 35060
32 36170
0 37090

9696 28907
9420 28932
9176 29019
5998 29163
5722 29188
5478 29275
4754 29538
4034 29694
3134 29902
2967 29954
1503 30578
1335 30766
975 31706
895 33710
216 34137
136 36141
32 36827
0 38216

15304 28882
14521 28957
14318 28982
12422 29282
12178 29386
12103 29821
11936 29873
10260 30146
10228 30601
10118 30716
7820 31186
7796 33014
7148 33500
6716 33929
5423 35572
5399 37423
4415 37648
4319 38315
3992 38602
3888 39072
3811 40006
3655 40770
3379 41134
3144 42729
2647 42846
2543 43644
2300 45102
2196 45572
1888 46314
1784 47527
1543 47630
1439 48100
1370 48486
1232 49818
1163 50412
335 54343
128 55798
92 56699
0 59209

11049 28922
10237 29022
7351 29178
6539 29278
4643 29578
3309 30038
3065 30142
2381 30592
1733 31078
1327 31652
895 32780
136 35211
128 36629
0 39889

11753 30923
8055 31179
7613 31418
6893 31598
3915 31674
3195 31854
2295 32094
2128 32154
664 32874
496 33078
136 34018
80 37038
32 37935
0 38939

8271 29138
8148 29163
7488 29213
7321 29265
6898 29445
6335 29538
5912 29718
5604 29964
5190 30173
4968 30702
3932 31057
3120 31733
2360 32773
2214 33137
1828 33501
1724 34187
1428 37134
1217 37148
1076 37229
1029 37549
972 37915
938 38053
668 38174
522 38538
406 38781
136 38902
32 39588
0 40977

10349 36629
8609 36715
8413 36757
7279 36904
6001 37147
5373 37189
5329 37483
3603 37489
3207 37598
2325 37732
2222 37752
2071 37814
1769 38012
1457 38219
709 38978
616 39077
232 39709
136 39961
128 39991
92 40549
0 43127

4480 37697
3568 37724
3446 37784
3355 37896
3168 38038
3112 38093
2742 38309
2022 38410
1900 38470
804 38605
568 39550
136 39961
32 41580
0 43121

10565 28882
9818 28966
9512 29008
9507 29138
8634 29264
6653 29726
6471 29873
5984 29927
5889 29957
5610 30115
5506 30679
5468 30797
4915 30900
4830 31053
3040 31101
2530 31271
2412 31334
2182 31403
2000 31586
1770 31661
1688 31793
1612 31853
940 32552
895 32615
853 33509
281 34277
232 34496
136 34501
92 35561
0 38738

2539 42969
1819 43209
1594 43289
1033 43892
904 44093
232 45541
128 46027
80 47375
32 48121
0 48321

3568 40038
3446 40098
2292 40772
2170 40832
2114 41178
2041 41260
1819 41632
1594 41712
838 41912
783 43031
406 43136
391 43299
232 43964
128 44450
112 44940
80 45798
32 46695
0 46895

9483 28882
8700 28957
8497 28982
5592 29138
5002 29213
4799 29238
4428 29306
4195 29348
2903 29538
2659 29642
2503 29726
2143 29927
1975 30092
1327 30578
895 31706
568 32980
436 33432
236 33742
136 34108
32 36287
0 37647

11185 28922
10779 28972
7487 29178
7081 29228
5999 29578
5863 29648
5599 29766
5440 29828
4665 30038
4242 30218
3998 30322
3842 30406
3482 30607
3314 30772
2666 31258
2534 31710
2260 31832
2128 32284
1928 32594
1828 32960
1820 34378
1216 35504
568 35990
524 36380
436 36442
236 36752
136 37118
128 38536
80 39450
0 41887

7541 32078
6891 32402
6562 32410
5779 32509
5576 32542
4833 32562
4243 32669
3869 32678
3669 32762
3436 32812
3155 32903
2144 33098
1900 33218
1744 33262
1384 33487
1216 33691
568 34298
496 35147
136 35522
128 36796
92 39510
0 40472

10259 35767
9455 35875
5529 35909
3789 35995
3523 36170
3309 36346
2455 36710
1871 37615
1156 38203
580 38388
496 38490
136 39430
128 40576
32 41580
0 42606
