7627 39378
6905 39809
3307 40818
3082 40898
2521 41264
2392 41386
2144 42386
1900 42546
1384 42798
1216 43042
568 43986
208 44929
136 45173
128 46647
92 46811
32 48543
0 49869

7243 30091
6982 30116
6753 30203
6582 30290
3545 30347
3284 30372
3055 30459
2884 30546
2144 30722
1900 30826
1216 31276
568 31762
436 32214
236 32524
136 32890
128 34308
32 35191
0 36338

21233 34010
17757 34560
15063 35106
14589 35181
12759 35961
7585 36432
6479 36663
6235 36783
4903 37863
4529 37871
4085 38183
3250 42372
1518 42459
664 43019
496 43263
136 44403
0 48616

8263 28882
7741 28932
7512 29019
7341 29106
4565 29138
4043 29188
3814 29275
3643 29362
2903 29538
2659 29642
1975 30092
1327 30578
1195 31030
995 31340
895 31706
568 31799
436 32251
236 32561
136 32927
128 34345
32 36183
0 36375

6195 33148
5367 33247
3471 33547
3227 33651
2955 34027
2543 34101
2475 34147
2283 34270
1895 34587
1637 34695
1081 35087
613 35438
568 35509
136 36637
128 37677
92 37850
32 38787
0 39707

9471 28882
9210 28907
8700 28957
8497 28982
5773 29138
5512 29163
5002 29213
4799 29238
2903 29538
2659 29642
1975 30092
1327 30578
895 31706
791 33856
136 34137
128 35555
32 36287
0 37585

4603 37878
4363 37958
3881 38309
3679 38431
3583 38896
3240 39098
3105 39212
1819 39318
1594 39398
1033 40001
904 40202
783 40717
505 41245
232 41650
128 42136
92 43626
32 44230
0 44430

11924 30270
8676 30670
8342 30774
7919 30954
7235 31404
7218 31822
6587 31890
6317 32268
6111 32452
5463 32938
5193 33316
4788 35165
4113 36082
3441 36460
3009 37588
2794 39696
2156 40667
2060 40916
1924 41439
1820 41909
1545 44314
1449 44563
1308 44644
1209 45556
1068 45637
464 47671
232 48443
128 48913
0 53905

40593 33789
40328 33797
39602 33845
39496 34205
36357 35011
35952 35191
31857 35205
30721 35237
23037 35509
22289 35597
21884 35777
20498 36459
19643 36912
17882 36984
14359 37088
12748 37176
11936 37308
10040 37704
9456 38611
9289 38671
7600 38904
7542 38991
7353 39421
6077 39540
5229 39997
5023 40061
4573 40245
3637 40740
3579 40772
3481 41176
2377 41325
2332 41357
1285 42256
1240 42288
1156 43891
1122 44082
232 44460
128 44946
0 48041

6835 33228
3905 33578
2911 33767
2746 34023
2571 34334
1879 34574
1455 34733
1290 34989
940 35088
895 35159
775 35344
730 35415
625 35639
571 36005
301 36485
286 36598
136 37576
32 41272
0 41472

3926 38085
3736 38120
3399 38179
2813 38273
2742 38309
1961 38435
1868 38455
1628 38555
1172 38822
1096 39515
424 39581
112 40073
96 40581
92 40643
88 41037
32 41818
0 42195

4412 37826
3746 38143
3598 38247
2866 38512
2200 38829
2052 38933
1576 39947
1428 40051
760 40701
522 41455
232 41570
136 41819
128 41852
32 42505
0 42697

4480 37697
2126 37702
1969 37886
580 38388
496 38490
136 39430
32 41731
0 43213

11444 36975
10835 37074
7266 37468
7144 37528
3568 37724
3446 37784
2846 37866
2689 38050
2022 38410
1900 38470
1300 38552
1216 38654
1120 39408
568 39550
436 40002
236 40312
136 40774
128 42208
80 42450
0 45724

2539 42969
1819 43209
1594 43289
1033 43892
904 44093
783 44608
505 45136
424 45413
232 45541
128 46027
112 46517
92 47000
32 47955
0 48321

36811 35459
36121 35594
34101 35994
33551 36304
25794 39377
24036 39659
23288 39956
21165 40858
17879 41427
15179 42317
13513 43374
11376 43642
10930 43944
10055 45014
9938 45228
9019 52876
7569 53343
6821 54322
6776 54385
4909 54430
1885 60772
1780 60996
1545 62491
793 68155
778 68268
666 68647
606 69043
418 70587
371 71092
324 71678
136 74522
92 75204
64 75642
0 80285

10209 30275
9933 30308
9445 30498
6511 30531
6235 30564
5747 30754
5007 30930
4607 31118
4247 31319
3771 31590
3731 31799
2871 31830
2704 31890
2567 31970
2377 32513
1240 32514
808 34173
232 34590
128 35060
92 35961
32 37049
0 37241

4975 30531
4699 30564
4211 30754
3471 30930
3227 31034
2955 31410
2543 31484
2475 31530
2283 31653
2141 31751
2023 31822
1895 31970
1757 31997
1637 32078
1345 32281
1081 32470
613 32821
568 32892
281 33583
232 33743
136 34020
128 38509
0 38562

9123 36521
8017 36752
7773 36872
6205 36937
5099 37168
4855 37288
4521 37597
4255 37828
3568 37884
3446 37944
2846 38315
2689 38499
2114 39024
2041 39106
1819 39318
1594 39398
1033 40001
904 40202
783 40877
505 41405
232 41650
128 42136
92 43269
80 44024
32 44390
0 44590

17565 33135
17247 33210
16689 33390
16464 33550
15795 34696
15477 34771
14919 34951
14224 35214
14097 35730
13725 35731
11565 36034
10467 36502
9540 36997
8282 37881
8184 38996
8109 39103
7991 39165
7251 39680
7221 39727
7058 39849
6531 39887
6241 40351
5951 40973
5804 41848
5476 41897
5383 42031
4999 42663
4895 42945
4880 44335
4652 44377
3852 44808
3777 44915
3659 44977
2889 45539
2436 45941
1144 47709
1051 47843
667 48475
563 48757
457 49879
353 50161
338 50722
323 50934
128 51646
0 53630
