7883 30915
7369 30974
6497 31205
5123 31245
4733 31370
4309 31474
4093 31558
4047 31666
3793 31700
3567 31786
3375 31909
3223 32114
2590 32131
2324 32306
2173 32726
1706 32852
1705 33077
1588 33078
1230 33538
1162 33703
824 34488
756 34661
522 35269
256 35633
32 37393
0 37860

2702 37517
2126 37702
1969 37886
1156 38203
580 38388
496 38490
136 39430
128 40576
32 41580
0 42606

9483 28882
8700 28957
8497 28982
5785 29138
5002 29213
4799 29238
2903 29538
2659 29642
1975 30092
1327 30578
1216 31276
895 31706
568 31762
136 32890
128 34308
0 37568

7095 31171
6968 31567
2955 31666
2475 31786
2283 31909
2128 32154
1637 32334
1475 32706
1081 32726
664 32874
613 33077
496 33078
361 33735
280 33900
136 34018
96 35169
92 35489
32 36168
0 37709

1407 37215
1033 37601
904 37794
709 38978
616 39077
232 39178
128 39648
92 40549
32 41486
0 41678

5323 35831
3883 35957
3079 36065
2893 36182
2627 36357
2471 36465
1895 36897
1752 37054
1566 37171
1300 37346
1144 37454
568 37886
136 39014
128 40306
32 41164
0 42336

6223 35799
5323 35831
4783 35925
4519 35939
3883 35957
3079 36065
2893 36182
2627 36357
2471 36465
1895 36897
1819 36987
1752 37054
1594 37059
1566 37171
1525 37334
1300 37346
1144 37454
1033 37638
904 37831
793 37874
568 37886
356 38462
236 38648
136 39014
128 39685
32 41164
0 41715

20414 29860
18884 30022
17579 30435
17419 30543
15679 30705
13600 31021
13365 31048
12629 31359
10705 31426
9711 31615
8826 32308
8255 32581
7370 33274
7046 35247
5858 36967
4973 37660
4550 38614
4226 39460
4218 40878
3896 41638
3888 43056
3658 43256
3598 43669
2917 43767
2813 44237
2677 45539
2581 46595
2543 47053
1573 50323
1469 50793
1301 51779
1232 52292
1163 52886
991 56045
887 56515
811 61757
205 62656
128 62726
0 65794

12264 29882
8566 30138
6038 30538
2948 31138
2704 31242
2659 31262
1975 31712
1327 32198
1216 32856
895 33326
568 33342
136 34470
128 35888
92 36789
0 39148

5580 29138
4998 29222
4428 29306
4195 29348
2503 29726
2143 29927
1975 30115
1955 31271
1643 31478
895 32237
887 33467
884 33880
136 34639
128 35526
92 36427
0 38785

4603 37878
4363 37958
3827 38781
3583 38896
1819 39318
1594 39398
1033 40001
904 40202
783 40717
505 41245
424 41522
232 41650
128 42136
112 42626
92 43109
80 43484
0 45652

11859 30222
11568 30284
11309 30408
10629 30828
8724 31086
8536 31128
7788 31590
7700 31652
7340 32272
7156 33859
7016 34653
6796 35682
6247 36177
4943 36658
4520 37612
4160 38902
3976 40139
3876 41788
3631 41886
3372 42136
3328 42308
3027 42566
2983 42738
2851 42824
2651 43469
2551 43866
2543 45648
2511 47716
1547 48253
1478 48639
1447 48650
1378 49036
1338 52642
788 53569
688 53966
619 54540
305 58079
205 58476
136 59195
80 61178
0 64592

1407 37215
1033 37601
904 37794
783 38333
505 38845
424 39050
232 39178
128 39648
112 40073
92 40549
32 41471
0 41829

3568 37724
3446 37784
2846 38155
2689 38339
2292 38458
2170 38518
2022 38658
1900 38718
1570 38889
1486 38991
1300 39089
1216 39191
838 39598
568 39798
524 39992
436 40129
236 40560
136 41022
128 42456
80 42698
32 43595
0 44750

5104 37724
2786 38864
1819 39318
1594 39398
1033 40001
904 40202
232 41650
128 42136
80 43484
32 44381
0 44581

13018 28882
12592 28907
10100 29138
8894 29163
8452 29282
7732 29438
4754 29538
4034 29694
3134 29902
2967 29954
2143 30038
1975 30226
1503 30578
1335 30766
975 31706
744 32659
576 32847
216 33787
136 35127
0 41628

6241 30282
5458 30357
5035 30371
4513 30421
4310 30446
3359 30682
2414 30746
2170 30850
2140 30866
1456 31316
808 31802
664 32874
376 32930
361 33019
136 34018
128 35060
0 40052

19743 34346
19076 34390
15436 34439
13700 34839
13456 34943
12980 35339
12772 35393
12134 35728
11890 35832
11414 36228
11206 36282
10558 36768
10486 37684
10126 37896
580 38852
496 38954
136 39894
32 42195
0 43736

5824 37446
2126 37702
1969 37886
580 38388
496 38490
136 39430
32 41580
0 43121

12428 29138
11555 29264
11296 29368
11095 29472
10483 29850
9691 30408
9456 30442
9108 30490
8235 30640
7717 30864
7105 31242
6485 31799
6313 31800
6111 32003
5791 32430
5416 32828
5331 32941
5211 33401
5061 33425
4616 33941
4567 34168
4471 35249
4196 38013
3802 38554
3667 39508
3571 40589
3527 42154
3502 43291
3244 43762
3197 44168
3144 45882
3097 46288
3079 48668
2908 49214
2180 49334
1428 54118
676 59782
535 61237
347 63257
300 63843
112 66435
92 66745
72 67354
56 69129
48 69962
0 70909

