7746 30026
7417 30076
6873 30152
6614 30256
3613 30359
3554 30396
3284 30409
2740 30485
2481 30589
2280 30693
1744 30947
1668 31071
1384 31148
1216 31336
876 31629
436 32251
236 32561
136 33458
128 34688
92 35246
64 37351
0 37604

14539 31579
10841 31835
9303 32174
7805 32334
5605 32430
3563 32889
1771 33159
1653 33230
1341 33437
929 33721
181 34480
136 34551
92 35233
32 36170
0 37181

3568 37724
3446 37784
2846 38155
2689 38339
1300 38841
1216 38943
524 39744
436 39881
236 40566
216 40861
136 41393
80 42990
32 43572
0 44502

7211 30591
6689 30641
6486 30666
6443 30726
5696 30791
3513 30847
2991 30897
2788 30922
2745 30982
1998 31047
1732 31222
664 31762
496 31950
136 32890
32 35191
0 36429

18107 30506
16793 30650
16561 30682
7095 30915
2955 31410
2475 31530
2283 31653
1637 32078
1081 32470
613 32821
568 32892
136 34020
128 35060
32 36321
0 37241

34903 31778
29521 31922
28385 31954
12728 32021
10766 32306
9602 32506
9369 32556
6036 32562
5454 32662
4884 32762
4651 32812
2959 33262
2599 33487
2431 33691
1783 34798
1351 36022
1336 36109
1200 40000
1154 40983
990 41501
622 41654
406 41830
391 42028
347 42710
270 45062
252 45333
136 45851
92 46533
0 49083

13217 32214
11798 32302
10866 32502
7109 32900
5268 33010
4241 33018
3719 33084
3490 33179
3319 33274
3154 33530
2579 33546
2335 33666
2179 33710
2170 33922
1819 33935
1651 34139
1486 34395
1381 34619
1003 34746
838 35002
733 35226
706 35454
671 35508
506 35764
401 35988
386 36101
301 36450
286 36563
236 37851
136 38313
92 39614
0 43354

14225 31379
7109 31499
6906 31532
6848 31552
5924 32050
5054 32350
5020 32682
3254 32990
3124 33078
1790 33538
1622 33742
1545 34292
1216 34316
620 35662
360 36147
256 36475
136 37055
80 38112
0 41477

6195 30531
5367 30630
3471 30930
3227 31034
2955 31410
2543 31484
2475 31530
2283 31653
2195 31799
1895 31970
1791 32003
1637 32078
1081 32470
613 32821
568 32892
136 34020
128 35060
92 35233
32 36321
0 37241

10868 30767
10259 30842
10085 30866
8285 31346
7245 31910
6821 31970
6795 32030
6653 32158
5845 32450
5471 32654
5416 32970
4948 33321
4903 33392
4776 33479
4695 33644
4551 34020
4471 34520
3786 38406
3706 38906
3651 39360
3571 39860
3471 40330
3227 40474
2955 40810
2893 40915
2475 40970
2283 41113
2141 41411
2023 41482
1575 41685
1345 42081
613 42621
568 42692
541 43512
468 43645
136 44060
32 46488
0 47430

7435 37415
3737 37671
3473 39133
2475 39198
1819 39318
1594 39398
1515 39882
1033 40001
904 40202
736 41314
567 41429
232 41650
128 42136
32 42870
0 43062

10289 30026
9593 30091
9506 30101
9071 30141
8904 30193
7371 30282
5895 30347
5373 30397
5206 30449
5074 30870
4405 31071
3498 31177
3096 31729
2967 31823
2240 32061
1576 32482
1428 32586
522 33990
136 34354
32 35191
0 36429

9483 28882
8700 28957
8497 28982
5773 29138
5512 29163
5002 29213
4799 29238
2903 29538
2659 29642
1975 30092
1327 30578
1216 31313
895 31706
568 31799
136 32927
128 34345
32 35228
0 36526

8058 28882
7741 28932
7476 28966
7197 29008
7185 29087
6938 29112
4360 29138
4043 29188
3778 29222
3499 29264
3487 29343
3240 29368
3039 29472
2903 29538
2659 29642
2503 29726
2427 29850
2143 29927
1975 30092
1635 30408
1327 30578
1195 31030
995 31340
895 31706
436 33484
236 33771
136 34137
128 35555
32 36438
0 37736

3117 37524
3031 37648
2071 37814
1769 38012
1457 38219
1172 38822
709 38978
616 39077
424 39581
232 39709
128 39991
112 40073
92 40549
32 41320
0 41678

10179 36183
9976 36216
9665 36242
9432 36292
9030 36516
8894 36678
8650 36798
8227 37163
7983 37283
7460 37508
7338 37568
3762 37764
3640 37824
2986 38667
2860 38762
2308 38904
2250 39006
2176 39356
1976 39666
1918 39768
1818 40230
1628 40593
1310 40702
1247 41157
830 42009
316 42683
232 42864
128 43350
0 47376

13982 28882
13308 28944
13199 28957
12834 29019
10284 29138
9610 29200
9501 29213
9136 29275
7784 29538
7758 29600
6209 29902
6042 29954
4578 30578
4410 30766
3095 31006
2645 31110
2478 31162
1014 31786
984 31802
816 31990
456 32930
441 33019
396 34273
376 34307
361 34396
216 34743
136 36358
80 37226
0 41228

4372 29138
4043 29188
3499 29264
3240 29368
3039 29472
2903 29538
2659 29642
2503 29726
2427 29850
2143 29927
1975 30092
1635 30408
1327 30578
1195 31030
995 31340
895 31706
876 32810
568 32980
436 33455
236 33771
136 34108
32 36287
0 37647

24528 32762
23631 32786
22495 32818
6387 32986
5355 33010
5026 33018
4243 33117
4040 33150
2144 33546
1900 33666
568 34746
136 35970
32 38703
0 40100

4491 32018
3771 32198
3567 32249
2619 32399
2574 32407
2308 32582
2295 32702
1998 32711
1732 32886
1240 33122
664 33482
496 33686
136 34626
128 35668
32 36776
0 37698

