9290 28882
8700 28957
8497 28982
8126 29050
7893 29092
5592 29138
5002 29213
4799 29238
4428 29306
4195 29348
2903 29538
2659 29642
2503 29726
2143 29927
1975 30092
1327 30578
895 31706
887 33467
568 34053
136 34137
128 35555
92 36456
80 36469
0 38815

7600 37427
5773 37798
4603 37878
4363 37958
3951 39180
1819 39318
1594 39398
1033 40001
904 40202
783 40717
505 41245
232 41650
128 42136
92 43109
80 43484
32 44381
0 44581

4603 37878
4363 37958
1819 39318
1594 39398
1033 40001
904 40202
783 40717
505 41245
232 41650
128 42136
92 43109
80 43484
32 44230
0 44430

3601 30359
3533 30384
3284 30409
3019 30443
2740 30485
2728 30564
2481 30589
2280 30693
2144 30759
1900 30863
1744 30947
1668 31071
1384 31148
1216 31313
876 31629
568 31799
436 32251
236 32561
136 32927
128 34345
92 35246
80 35259
0 37605

7243 30091
6982 30116
6753 30203
6582 30290
3545 30347
3284 30372
3055 30459
2884 30546
2144 30722
1900 30826
1566 31047
1300 31222
1216 31276
568 31762
436 32214
236 32524
136 32890
128 34308
80 35222
32 36146
0 36338

13386 29163
13036 29251
12484 29301
10544 29482
9338 29507
8786 29557
8418 29613
7374 29713
7207 29765
6046 29957
5002 30057
4799 30082
2903 30382
2659 30486
1975 30936
1327 31422
895 32550
791 34507
136 34981
32 36938
0 38327

11762 37456
10052 37699
7638 38158
6890 38455
6590 38855
6128 39537
5606 40590
5317 43646
5017 44046
4639 44604
4094 44694
3828 45492
2726 48912
2610 49430
2415 52563
2280 55020
1830 66180
1756 66256
1333 69415
729 75066
714 75179
628 76159
358 77106
296 77306
172 77864
128 78234
96 78244
64 81559
0 82468

12201 29138
11611 29213
11408 29238
11037 29306
10804 29348
10302 29413
9912 29538
9488 29642
9272 29726
9152 29927
9081 31175
8525 31427
8444 31490
8120 32057
7904 32447
7727 33734
7501 33901
7290 34068
6755 34313
6595 34628
6172 35582
5507 36833
5452 37493
5084 37787
4464 39030
4041 39984
3992 40203
3739 41998
3451 43970
3412 44502
3019 45050
2980 45258
2635 46753
2260 48310
1915 49805
1792 51372
1447 51846
1378 52232
1240 53346
1171 53940
1104 56678
1035 57272
688 57444
136 60962
84 63608
0 65134

11703 31436
10806 31571
9823 31652
7733 31949
7269 32109
5793 32246
5329 32406
4906 32586
4662 32690
4346 33126
4198 33230
3942 33602
2954 34954
2906 34998
2548 35528
2500 35572
1924 36520
1820 36802
1744 39850
1692 40390
1068 40530
808 42167
232 43115
128 43397
92 43955
0 46314

5169 30571
4966 30596
4908 30624
4450 30854
3234 31654
2002 32522
1802 32832
1460 33298
1120 33996
745 34063
638 34243
436 34590
236 34900
204 35937
184 36057
136 36436
128 37870
32 38858
0 40164

3568 37724
3446 37784
2846 37866
2689 38050
2022 38410
1900 38470
1300 38552
1216 38654
1120 39408
568 39550
436 40002
236 40312
136 40774
80 42450
0 45815

4717 37504
3957 37612
3603 37672
2325 37915
2222 37935
1769 38232
1457 38439
1172 39042
709 39198
616 39297
424 39801
232 39929
128 40211
112 40293
92 40769
32 41540
0 41898

4975 30531
4699 30564
4211 30754
3471 30930
3227 31034
2724 31122
2550 31182
2306 31286
2283 31653
1622 31736
974 32222
568 32796
496 33078
281 33583
232 33743
136 33924
128 35060
92 35956
32 36168
0 37090

3568 37724
3446 37784
2292 38458
2170 38518
2022 38658
1900 38718
1819 39318
1594 39398
838 39598
568 39798
406 40822
391 40985
136 41022
128 42136
112 42626
92 43109
80 43484
32 44064
0 44430

11399 36183
10790 36282
9123 36521
7383 36607
6277 36838
6033 36958
5345 37398
3568 37724
3446 37784
2846 38155
2689 38339
2022 38410
1900 38470
1300 38841
1216 38943
1120 39408
568 39550
436 40002
236 40312
136 40774
128 42208
80 42450
32 43347
0 44502

15919 36725
9801 36794
9011 36959
8745 37134
7933 37876
7859 38059
7701 38096
7585 38269
7501 38504
7361 38510
7359 38720
7074 39069
6839 39104
6459 39174
4699 39210
4061 39298
3539 39364
3310 39459
3139 39554
2871 39857
2605 40088
1821 40255
1555 40486
1375 40884
1079 41172
1011 41345
691 41478
491 41788
446 42181
431 42393
287 44420
255 44620
236 45955
32 46125
0 47894

7854 29163
3714 29538
3234 29642
3042 29757
2757 29863
2491 30038
2370 30178
2334 30217
2104 30353
2059 30416
1840 30542
1423 30578
1255 30766
895 31706
664 32980
496 33168
136 34108
128 35526
32 36409
0 37556

5700 40011
3568 40038
3446 40098
2114 41178
2041 41260
1819 41632
1594 41712
1033 42315
904 42516
783 43031
505 43559
232 43964
128 44450
32 46544
0 46744

12256 34083
11150 34258
10429 34398
8399 35766
5929 35838
5368 36417
5239 36610
4567 37994
4463 38464
2972 44866
2300 46250
2196 46720
2100 48709
2068 48901
1867 50551
1783 50724
1679 51194
1444 51504
1397 51890
1316 53685
1269 54071
739 59590
692 60206
551 60620
363 62640
316 63226
235 64821
128 64922
0 68079

22000 35426
19019 35514
18207 35646
18042 35806
15969 35906
15156 35930
14344 36062
11399 36183
10790 36282
10580 36562
7383 36607
6277 36838
6033 36958
5345 37398
3568 37724
3446 37784
3306 38133
3040 38364
2292 38458
2170 38518
2114 38864
2041 38946
1819 39318
1594 39398
838 39598
783 40717
568 40773
406 40822
391 40985
232 41650
136 41997
128 42136
112 42626
32 44230
0 44430
