3723 12320  0 0 
2064 12320  0 0 
2064 12320  0 0 
583 13141  0 0 
237 15098  0 0 
0 16799  0 0 

3723 12320  0 1 
2064 12320  0 1 
2064 12320  0 1 
583 13141  0 1 
237 15098  0 1 
0 16799  0 1 

3699 8921  0 2 
3699 8921  0 2 
3209 9052  0 2 
1745 10621  0 2 
534 13859  0 2 
0 28982  0 2 

3524 12536  0 3 
750 12719  0 3 
750 12719  0 3 
144 13459  0 3 
144 13459  0 3 
0 19535  0 3 

2320 9089  0 4 
2320 9089  0 4 
2320 9089  0 4 
2320 9089  0 4 
1116 11954  0 4 
0 30974  0 4 

2922 8954  0 5 
2922 8954  0 5 
2922 8954  0 5 
2922 8954  0 5 
936 12929  0 5 
0 30311  0 5 

3699 8921  0 6 
3699 8921  0 6 
3209 9052  0 6 
1745 10621  0 6 
534 13859  0 6 
0 28982  0 6 

3013 9458  0 7 
3013 9458  0 7 
1509 10190  0 7 
1177 10801  0 7 
782 12200  0 7 
0 28859  0 7 

2922 8954  0 8 
2922 8954  0 8 
2922 8954  0 8 
2922 8954  0 8 
936 12929  0 8 
0 30311  0 8 

3615 12320  0 9 
841 12503  0 9 
841 12503  0 9 
235 13243  0 9 
144 19263  0 9 
0 18809  0 9 

2059 9385  0 10 
2059 9385  0 10 
1554 9693  0 10 
1554 9693  0 10 
1116 11213  0 10 
0 30233  0 10 

2320 9318  0 11 
2320 9318  0 11 
1641 9532  0 11 
1641 9532  0 11 
1116 11005  0 11 
0 30025  0 11 

2855 11739  0 12 
1859 11739  0 12 
1454 11739  0 12 
489 11926  0 12 
259 12454  0 12 
0 20509  0 12 

2628 11372  0 13 
1835 11560  0 13 
628 11769  0 13 
440 12139  0 13 
440 12139  0 13 
0 26449  0 13 

2266 9771  0 14 
2266 9771  0 14 
1808 9950  0 14 
1151 10836  0 14 
938 11542  0 14 
0 29875  0 14 

2411 9608  0 15 
2411 9608  0 15 
1732 9822  0 15 
1207 10398  0 15 
994 11104  0 15 
0 29353  0 15 

2388 11773  0 16 
2837 11739  0 16 
440 12205  0 16 
252 12569  0 16 
252 12569  0 16 
0 25253  0 16 

2266 9771  0 17 
2266 9771  0 17 
1808 9950  0 17 
1151 10836  0 17 
938 11542  0 17 
0 29875  0 17 

2320 9955  0 18 
2320 9955  0 18 
1641 10169  0 18 
994 10913  0 18 
994 10913  0 18 
0 29162  0 18 

2059 9385  0 19 
2059 9385  0 19 
1554 9693  0 19 
1554 9693  0 19 
1116 11213  0 19 
0 30233  0 19 

