16067 162839
16061 162861
15363 162922
14416 163140
14410 163464
11324 163481
11318 163503
10620 163564
9673 163782
9667 164106
9007 164288
9001 164612
8852 164745
8654 164749
7016 164781
5936 164928
5738 164980
5702 164988
5504 165040
4658 166172
4424 166232
4308 166345
4001 167812
3462 167957
3228 168017
3210 169343
2637 170152
2588 170723
2436 171820
2000 172341
1860 172815
1650 175626
1046 175901
853 176251
0 177980

18880 162755
18874 162777
18176 162838
16067 162839
15363 162922
14416 163140
14137 163397
14131 163419
13433 163480
11324 163481
10620 163564
9673 163782
9667 164106
8153 164524
7016 164781
5738 164980
5702 164988
5504 165040
4658 166172
4424 166232
4308 166345
3462 167477
3228 167537
3210 168863
2637 169672
2461 171558
2345 171671
2234 171801
2000 171861
1686 172632
1265 172863
1263 173131
1215 174086
975 174360
848 175353
0 175754

23837 162303
21024 162387
20087 162720
16067 162839
16061 162861
11324 163481
11318 163503
10620 163564
9673 163782
9540 164624
8654 164813
7016 164845
5738 164980
5504 165104
4658 166172
4542 166285
4308 166345
3462 167477
3228 167537
3210 168863
3071 168976
2969 170606
2461 171558
2345 171671
2343 171939
2000 172387
1686 172632
1265 172863
1263 173131
1016 173651
975 174360
848 175353
0 175754

16067 162839
15363 162922
14416 163140
11324 163481
10620 163564
9673 163782
9667 164106
9401 164200
7214 164729
7016 164781
5936 164928
5738 164980
5702 164988
5504 165040
4658 166172
4424 166232
4308 166345
3462 167477
3228 167537
3071 168976
2637 169572
2588 170723
2480 171011
2461 171558
2345 171671
2000 171861
1686 172632
1265 172863
1263 173131
1016 173651
975 174360
848 175353
0 175754

16067 162839
16061 162861
15363 162922
14416 163140
14410 163464
11324 163481
11318 163503
10620 163564
9673 163782
9544 164721
8654 164749
7016 164781
5936 164928
5738 164980
5504 165040
4658 166172
4424 166232
4308 166345
3228 167537
3071 168976
2637 169572
2461 171558
2345 171671
2234 171801
2000 171861
1860 172815
1265 172863
1263 173131
1016 173649
975 174226
848 175353
0 175754

16067 162839
16061 162861
15363 162922
14416 163140
12902 163458
12896 163480
11324 163481
11318 163503
10620 163564
9673 163782
8159 164100
8153 164122
7714 164971
5738 164980
5504 165040
5085 166057
4887 166109
4424 166232
4308 166345
3807 167301
3691 167414
3228 167537
3041 169432
2730 170384
2588 170723
2261 171911
2002 172476
1965 175088
1959 175328
1720 175869
1418 176738
1412 176760
1205 177427
1137 177447
908 177594
0 177980

20267 162387
20021 162611
19385 162708
19174 162734
16067 162839
16061 162861
15363 162922
15357 162944
14416 163140
14410 163464
11324 163481
11318 163503
10620 163564
10614 163586
9673 163782
9007 164288
7016 164781
5936 164928
5738 164980
5702 164988
5504 165040
4658 166172
4424 166232
4308 166345
3462 167477
3228 167537
3071 169295
3056 170065
2822 170663
2588 171036
2452 171470
2234 171801
2000 171861
1826 172426
1766 174641
1706 175394
1581 176131
1123 177446
853 178645
689 179019
0 179112

16067 162839
16061 162861
15363 162922
15357 162944
14416 163140
12902 163458
12896 163480
11324 163481
11318 163503
10620 163564
9673 163782
8159 164100
8153 164122
7016 164781
5738 164980
5702 164988
5504 165040
5085 166057
4887 166109
4424 166232
4308 166345
3807 167301
3691 167414
3228 168017
2611 168606
2593 170412
2454 170525
1985 171228
1740 172236
1205 173661
1012 174750
918 176540
0 177980

16067 162839
16061 162861
15363 162922
15357 162944
14416 163140
14410 163464
11324 163481
10620 163564
9673 163782
9667 164106
9001 164612
7214 164729
7016 164781
5936 164928
5738 164980
5702 164988
5504 165040
4658 166172
4424 166232
4308 166345
4267 167671
4151 167784
3462 167957
3228 168017
3071 169456
3056 170065
2882 170938
2654 171037
2461 171558
2345 172151
2000 172341
1686 173112
1265 173343
1016 174131
975 175103
0 176234

20267 162387
20021 162611
19385 162708
17637 162712
15363 162922
15357 162944
14416 163140
14410 163464
11324 163481
11318 163503
10620 163564
10614 163586
9673 163782
9667 164106
9007 164288
7016 164781
5738 164980
5702 165307
5504 165337
4424 166529
4308 166642
3462 167477
3228 167834
3210 169182
3071 169660
3056 170381
3053 170621
2588 171036
2452 171370
2436 172117
2000 172177
1394 174115
1265 175403
1263 175671
1016 176191
975 177163
848 177893
0 178294

16067 162839
16061 162861
15363 162922
12902 163458
11324 163481
11318 163503
10620 163564
8159 164100
8153 164122
7214 164729
7016 164781
5738 164980
5702 164988
5504 165040
5085 166057
4887 166109
4424 166232
4308 166825
3807 167301
3691 167414
2611 168606
2454 170045
1985 171718
1884 172979
1205 173181
1046 176942
0 177980

23080 162303
20267 162387
20021 162611
17637 162712
16067 162839
16061 162861
15357 162944
12894 163354
11324 163481
11318 163503
10620 163564
10614 163586
8153 164122
5738 165044
5504 165104
5085 166121
4887 166173
4658 166236
4424 166296
4308 166889
3807 167365
3228 168081
3041 169496
2780 169972
2670 171824
2000 172831
1819 172953
1704 174626
1205 175569
1046 175749
1012 176752
0 179112

18880 162755
18874 162777
18176 162838
16067 162839
16061 162861
15363 162922
14416 163140
14137 163397
14131 163419
12902 163458
11324 163481
11318 163503
9673 163782
8159 164100
7016 164781
5702 164988
5504 165040
4887 166109
4424 166232
4308 166345
3228 167537
3210 169547
3056 170065
2780 170192
2345 171793
2000 172145
1860 172815
1650 175342
1612 176387
1364 176801
0 177980

20267 162387
20021 162611
17637 162712
15363 162922
15357 162944
15344 163362
11324 163481
11318 163503
10614 163586
10297 163794
8153 164122
7016 164781
5738 164980
5504 165040
5085 166121
4887 166173
4424 166232
4070 168052
3473 168190
3228 169436
3056 171312
2780 172205
2588 172398
2000 173646
1860 174912
1720 176576
0 177980

16067 162839
11324 163481
9696 164122
8153 164524
7214 164729
7016 164781
5738 164980
5504 165040
4424 166232
4308 167762
3836 168396
3578 169647
3290 170289
2588 170723
2571 172557
2055 174451
1954 175809
1720 175869
1429 177338
0 178262

16067 162839
16061 162861
15363 162922
14416 163140
14144 163458
11324 163481
10620 163564
9673 163782
8654 164749
7016 164781
5936 164928
5738 164980
5702 164988
5504 165040
4658 166172
4424 166232
4308 166345
4242 167879
3836 168112
3812 168811
3578 168871
3056 170065
2780 170192
2000 171861
1709 174577
1305 176964
0 177980

16067 162839
16061 162861
15363 162922
14416 163140
12902 163458
11324 163481
11318 163503
10620 163564
9673 163782
8159 164100
8153 164588
7016 164781
5738 164980
5702 164988
5504 165040
4887 166109
4542 166285
4308 166345
3836 168112
3801 168354
3644 169047
3578 169184
3041 169432
3007 171205
2850 172061
2261 172391
2245 174076
2000 174644
1965 176236
1720 176743
1574 178539
1556 178907
0 179112

16067 162839
16061 162861
15363 162922
14416 163140
11324 163481
11318 163503
9673 163782
9667 164106
8159 164200
7016 164781
5738 164980
5702 164988
5504 165040
4658 166172
4424 166232
4308 166345
3462 167957
3228 168503
2637 170152
2588 170723
2571 171885
2280 172374
1860 173128
1581 173737
1504 174771
1265 175183
1046 175901
1016 175971
853 176251
848 177673
0 177980

20267 162387
20021 162611
17637 162712
16067 162839
16061 162861
15363 162922
15357 162944
15040 163152
12894 163354
11324 163481
10620 163564
10614 163586
10297 163794
10247 164398
9540 164624
8654 164749
7016 164781
5738 164980
5504 165040
4658 166172
4424 166232
4308 166345
4267 167671
3228 168017
3071 169456
2780 169908
2637 170052
2588 171050
2480 171591
2452 171950
2234 172281
2000 172341
1860 173237
1720 175869
1706 176860
1084 177172
853 177833
0 177980

13804 160260
13798 160584
13273 160604
11874 160818
9061 160902
9055 161226
8530 161246
8524 161570
7772 162013
7475 162109
6128 162275
5963 162349
5702 162641
5504 162693
5048 163467
4883 163541
4767 163654
4424 163885
4308 163998
4292 165059
3228 165190
3210 166516
3071 166629
2637 167188
2588 168370
2571 168921
2452 169174
1826 170054
1581 170773
1046 172695
853 173287
759 175077
274 176295
0 176936
