27122 563184
26444 564330
25905 564391
24553 566453
22107 567474
21684 569192
20890 569739
20467 570457
20397 577189
19917 581382
18206 582596
18111 582667
18071 583607
17815 584501
17720 584572
17288 584743
17087 585230
16937 585545
9561 589103
9411 589551
7465 590633
7315 591081
7042 606752
6494 607839
6019 608804
5303 614533
4523 614686
3416 616063
3316 616843
2904 619084
2770 620752
2678 622551
2670 622975
1887 626464
1440 626672
1107 626971
0 627994

31920 550359
31870 550509
30830 550933
30780 551083
29096 551332
29046 551733
28399 551889
28349 552039
27976 553010
27926 555394
22107 566395
20890 567602
20397 575074
19524 578986
18813 579091
18508 579516
9338 585947
8459 586100
7242 587477
7042 587688
6227 598661
4862 604290
4067 609120
3287 609273
2180 610650
1365 622486
1116 628598
1107 628805
0 629146

21957 566997
21684 568416
20740 568874
20467 569623
19228 581758
19130 583506
19011 584538
18508 584546
17328 584713
17209 585745
16937 585983
15605 603209
10247 604751
9698 605179
9030 606167
8994 608836
8227 608936
7080 609603
4984 611133
4862 617016
4068 625653
3663 627707
3641 628528
3518 629514
2896 636645
2846 637473
2835 637966
2664 638196
2516 638631
2455 639952
2150 641519
1859 644347
1720 645143
1107 645462
244 645554
0 646669

42174 549252
38594 550107
37356 550149
35784 551105
34546 551147
33526 551513
33292 551943
31412 553820
31046 554375
29888 555971
29786 557654
29687 559295
28482 560810
28361 563619
24128 564497
19668 572641
18586 573119
18377 578600
17607 581301
11290 582887
10052 582929
9677 583842
9194 584417
7956 584459
7581 585372
7461 588495
7422 589525
7078 592668
6525 603187
4962 607683
4862 608324
4779 611613
4439 626432
3981 626617
3663 627948
3641 634047
3305 643102
3295 644988
2006 645781
1615 645844
391 646988
0 647051

38965 564115
37966 566067
37767 567167
37617 567643
37212 568000
37062 568189
36862 571592
36418 571840
35601 575697
32865 575996
31123 576305
30805 576518
24129 578172
24030 578747
23265 579432
22813 579954
22099 580139
21899 582493
19697 583073
19654 583442
19358 583968
19263 584039
18304 584690
18206 586056
17815 586113
17720 586184
16937 587320
16403 595440
16053 595587
15955 596174
15703 596742
15662 597381
9800 599544
7704 601074
7494 606307
7427 612072
6952 612687
6832 614419
6820 615125
6227 615134
6094 615962
6033 616694
4862 617212
4657 618705
2770 620235
2230 622969
1887 625255
0 626785

38001 548730
37728 549204
37646 550868
36041 554868
35550 557685
34093 560032
33775 560245
33243 561422
32925 561635
31474 562638
31156 562851
22079 566899
21957 567621
21062 568801
20862 569087
20789 569441
20740 570767
20467 575421
20397 578233
19477 580027
19277 580033
19030 584735
18885 589760
18123 589949
17937 593843
17842 593914
17270 595816
17230 596756
16709 600119
16559 600298
16509 600338
16387 600694
16265 601068
9182 602895
9082 603278
7907 603751
7567 604102
7467 604485
6292 604958
6019 608435
5769 623361
5378 624535
4154 624568
3763 625742
3080 628112
2785 630775
2278 630986
391 632516
0 634379

29744 562295
29162 563471
27996 563687
26758 563729
25541 564936
25227 566624
24422 566749
22583 567169
21998 568081
20781 568376
19917 572458
19837 578212
19643 580049
19277 580121
19130 584141
17328 585348
16985 589734
16712 590539
15919 591616
15055 595124
14975 598515
8199 600860
8049 601049
7999 601340
7599 601482
7449 602186
6942 602256
6892 604294
6069 604558
6019 605883
4067 611750
3287 611903
2180 613280
1365 621607
1044 631164
444 631693
222 632500
122 633498
0 634072

27199 568604
27139 570480
26181 571243
26082 571307
24474 571657
22298 572804
22198 573286
22178 574464
20932 574588
20717 576391
20682 577248
20117 577680
20037 580643
19471 581600
17815 581921
17720 581992
17669 582807
16937 583128
8654 603187
8532 603591
8262 603920
7632 604205
7547 604513
7425 604965
6647 605127
6525 606205
6470 608606
5709 611015
5081 613830
4657 615255
3194 615360
2770 616785
2655 618200
2230 619320
1887 623322
1107 623475
391 623592
0 624852
871542 1.11716e+06

32732 560934
29644 561342
28829 562317
28179 563768
24181 565970
23737 566966
18508 574402
16937 583408
9628 593571
7532 595101
7012 595681
6470 597648
5253 599025
5170 604181
4462 611835
4189 612094
2575 613365
2302 613624
2280 617706
2180 617905
1609 622471
1420 623205
1365 623422
1107 632461
244 633574
0 633838

37979 546642
37929 546927
37556 547512
37506 552306
36521 553096
35760 554540
32531 558531
32314 562066
31996 562279
30386 562819
29913 568767
22157 569351
22107 570208
20940 571265
20890 571663
20661 579366
19090 582341
17288 583548
15739 598556
15589 599438
14175 600471
13199 601167
11982 602374
7999 603053
7915 610115
7239 611504
6995 613429
6019 613531
5149 622879
4770 626373
4043 630540
3663 631885
3641 633485
3560 641240
3364 641873
1107 641957
0 643164

38351 549568
37901 549619
37779 551743
37728 555961
37628 556255
29445 556713
29323 557435
28365 557688
28243 558410
28079 559952
27713 566296
22928 567649
22648 567933
22591 569074
22391 569221
21806 569436
20789 570281
20589 570428
20467 571628
19305 585989
18511 587147
18416 587218
18216 587464
18121 587535
18042 587782
18025 588048
17937 588121
17842 588192
17796 589976
17720 591831
15665 592691
14162 592844
13782 600802
13287 601060
12338 604986
9569 608367
9386 611739
8706 612077
8331 613386
7686 616075
7660 617316
7297 618061
7111 618779
6929 619283
6591 620663
6539 621995
6379 622156
5475 622752
5378 622776
5175 622910
4748 623406
3763 623983
3641 625173
3427 640986
2785 642215
2150 644248
1859 646246
1815 647144
1615 647398
244 647453
200 648351
0 648605

37984 550209
37190 551032
34779 551516
34463 551739
33541 552251
33421 553959
32255 556817
31853 558543
31257 558824
29703 559893
29001 560190
28465 562155
27137 563414
25425 566009
24281 566783
24128 567397
23737 567683
23437 573902
22951 575263
21496 575858
21152 576417
20337 579312
19842 580325
18839 581426
18625 581532
18175 581804
18123 582310
17037 582633
16937 583517
10204 585499
9411 585881
8532 586034
8108 587029
7315 587411
7042 587885
6227 598036
6079 600615
4962 602050
4862 603866
4665 621114
4587 621443
3663 624177
3641 624397
2302 633215
2150 640305
1615 641864
0 643071

21957 566725
21684 567270
20517 568373
20467 568477
20397 575933
20203 577035
19837 577041
19277 577609
18304 584380
17815 585382
17720 585453
17277 588641
16937 592888
16215 595370
15660 596942
15605 596977
9242 602402
8719 603209
7377 603713
6854 604524
6839 607042
6244 607287
6019 611307
5152 615534
4597 617026
4542 617141
3015 617172
2460 618664
2405 618779
2180 621535
1887 626610
1107 627282
0 628140

46023 548710
37660 549412
37576 549997
37172 551715
36418 557662
35686 558612
34604 561404
34286 561617
29438 563663
28142 564833
28082 568296
27750 570043
26512 570085
23624 570589
23525 571883
21998 572348
21899 576649
21436 576671
21170 577729
20682 577856
20467 580765
10204 586504
8108 588034
7620 590758
7437 590985
7315 597496
7250 600381
7217 600827
6977 600926
6902 612614
4730 614507
4630 615638
3727 622446
3178 623659
3015 630257
2800 632569
2453 632954
1945 637835
1887 640458
0 641988

37271 548100
36346 550874
36041 551356
35771 553795
35424 555658
35268 558214
33939 558395
31345 560329
31239 560400
31123 561255
30805 561468
23821 569235
22583 569277
22019 570442
20781 570484
19917 573776
19277 579430
19093 581612
18206 583971
18111 584042
17328 585656
17087 590114
16053 591771
15955 592357
15662 593564
11073 594537
10973 594885
9728 595520
9188 595667
8727 596205
8627 596553
7632 597050
7092 597197
6979 601775
6958 602070
6633 602665
5762 603152
4862 603600
4657 619086
4117 619161
3877 619239
2904 619573
2770 620616
2230 620691
1887 625636
1107 625789
0 627166

39860 550396
39760 550633
37036 551369
36936 551606
36339 551926
36239 552163
32831 555276
32164 556945
29872 557582
28896 557918
28628 562175
28507 562815
28334 564376
24128 567211
23737 568060
19668 572724
18786 573660
18586 575356
18581 578231
18481 578618
18287 582045
17638 583094
17488 583283
17388 585610
17288 586030
12600 588001
12500 589329
11990 589377
11390 589434
10504 589531
10372 590335
9894 590907
9294 590964
9194 592292
9127 593396
8080 594099
7632 596031
7092 598014
6958 601064
6079 601611
4862 602594
4657 618424
2770 619954
2230 624507
1987 626143
1887 626171
100 627673
0 627701

22157 565122
22107 565821
21734 566541
20940 566878
20890 570799
20397 574629
20130 586655
19897 587380
19454 588021
19144 589858
17135 590374
16985 591629
16028 591783
15605 592653
15535 597642
9903 600082
8665 600344
8288 601289
7050 601551
6626 603062
6576 603551
6575 604996
6455 605414
6294 606012
6014 606154
5448 614713
3833 615920
3641 617648
2770 634408
2230 635708
1107 639751
0 640958

23266 570779
23144 570803
22179 571047
22057 571071
22049 571986
21998 572347
20962 572352
20781 573217
20661 574741
20622 577151
20117 580363
19450 584442
18304 584473
17087 585689
16937 587432
10688 590500
9788 590734
9009 591670
8592 592030
7692 592264
7642 593217
7581 595160
6917 596219
6837 598743
6787 601830
5253 602156
4862 604762
4779 613682
4665 619044
4587 619247
3638 626377
3583 630795
2449 631300
1551 632170
1329 633262
1229 634000
1107 634106
0 636463

29747 563220
28581 563436
27343 563478
26779 564643
25541 564685
25421 566792
24521 566961
24496 568320
23821 568328
22930 568401
22019 569535
20781 571705
20726 573000
20283 574857
19917 574929
18166 579741
18071 579812
17288 581266
17087 588850
16997 595639
13515 596366
7629 601319
6014 602526
5789 605586
5709 606994
5081 609448
3194 610978
2230 614625
2213 615225
1925 621183
1365 622291
900 630661
0 632262

17127 593171
16020 594378
15820 597533
15799 598657
15760 598835
15524 604124
14081 604842
13909 605331
12466 606049
12225 608366
12075 608543
7661 610730
7141 611006
6034 612213
5378 614901
3763 616108
3663 618353
3641 619401
2624 627988
2424 628279
2402 630839
1925 636573
1365 637461
1107 642481
0 643182
