12873 451062
12248 451187
10905 452099
10397 452834
10076 453689
9894 454042
9850 454078
9838 454197
9388 454290
8969 454701
8145 455013
7222 455788
7066 455844
6941 455969
6549 456293
6390 456398
6384 456819
5655 457869
3616 458159
3566 458193
3391 460626
3265 461578
3235 461580
3109 461634
2344 461706
2218 462786
1843 462794
1717 463874
1672 470182
1012 470392
892 473545
886 473617
754 475222
628 476557
242 482524
134 482654
132 483902
0 484135

9444 448676
9438 448922
9337 448968
8091 450047
8085 450293
7189 450331
6299 450814
6295 451128
6187 451164
6055 451430
4577 451437
4482 452217
4227 452345
4202 452362
4140 452443
4115 452460
4041 452985
4016 453002
3415 453648
3390 453665
3384 453737
3339 453830
2758 453929
2689 453979
2687 455995
2660 457254
2654 457630
2127 458648
1930 461087
1434 461626
1338 461680
1311 462799
1165 464184
1124 464483
1028 464537
713 464841
427 464843
180 465665
54 466745
0 466964

22782 453161
8651 453632
8641 453644
8551 453958
8547 454045
8537 454065
8440 454095
5294 454096
5284 454108
5186 454132
5176 454144
4942 454300
4932 454312
4761 454754
4653 454790
4647 454862
4403 455030
4090 455241
3874 455313
3147 455450
2931 455522
2731 455613
2721 455618
2614 456108
2398 456180
2192 456328
2092 456662
2088 456763
2066 457408
1708 460256
1548 460344
1542 460483
1452 460831
1446 460903
1416 461481
1362 461692
1326 461837
1320 461909
429 473420
423 473492
303 474500
249 475805
243 476469
180 477714
54 478794
0 479013

26464 453002
17342 453634
16447 453645
14991 454045
14521 454738
13993 455201
12537 455601
10956 455625
9716 456705
9317 457200
8264 457600
8222 457880
8084 457936
7198 458174
5624 458560
3028 459212
2085 459436
2067 466279
1959 466609
1925 467006
1859 469460
1678 470335
1326 470623
1320 472345
1194 473425
485 477553
180 480177
0 481476

22121 449284
21775 449359
21336 450199
21286 450238
21257 450473
21082 450590
20956 451670
18627 451757
18577 451796
14980 453711
14930 453750
13844 454388
13687 454477
13000 454864
12950 454903
12079 455296
10779 455335
10672 455385
10462 455530
10393 455580
9290 455894
9221 455944
8740 456146
8671 456196
7539 456420
7310 456815
7027 457049
6534 458251
6469 458444
6400 458494
6037 458584
5665 458920
4143 458960
4062 459986
3993 460036
3991 461083
3973 462450
3967 462522
3879 462525
3873 462597
3505 463098
3406 463179
2898 463424
2873 463449
2565 463925
2439 465005
2328 466435
2326 466450
2296 467238
2290 467928
2236 469420
1851 470538
1701 470676
1383 472324
1377 473261
1156 474584
1028 474656
427 474938
180 475784
54 476864
0 477083

32200 446516
30575 446841
22494 447148
20869 447473
20855 449207
19909 449493
19902 449794
19111 449994
17491 451669
15176 452365
15170 452437
14972 452487
14966 452559
14024 452914
13825 453873
13781 453909
13098 454611
11804 454888
11760 454924
11014 455469
10970 455505
8009 455546
7916 455595
7884 455671
7791 455720
7066 455770
6941 455895
6935 457096
6574 457235
6334 457307
5938 457365
5159 457703
5033 458783
4178 460256
4085 460305
3235 460480
2934 461088
2518 461476
2493 463113
2322 464280
2253 464330
1849 465876
1753 467452
1717 469083
1569 470221
1401 470675
1395 470739
1275 471755
1269 471827
429 472988
375 474574
297 475023
180 477714
54 478794
0 479013

37528 441679
34998 441775
34572 441829
25150 442425
24866 442461
24830 442840
24610 442932
23597 442976
23313 443012
23097 444042
22813 444078
21522 445925
20738 446361
18384 446718
17753 447434
16161 447467
15346 448412
14614 449045
13382 449262
12762 450986
12312 451307
9155 451552
8897 451695
8755 452000
8497 452143
7951 452758
7008 452906
6592 453054
6442 453161
5908 453218
5692 453290
5567 454587
5521 455655
5416 457004
5218 459435
4458 459460
4242 459532
3133 462830
2792 462937
2606 463527
2489 464105
2273 464177
2211 464493
2074 465161
1678 465219
1672 468150
1542 469166
1401 471128
1326 472547
429 473420
180 477714
54 478794
0 479013

34816 435291
34716 435617
33816 435642
28288 435938
27450 436492
27353 437379
26728 438027
22387 438926
21787 439663
21622 441299
19693 443261
18710 443317
18010 443785
17066 447915
9444 448676
9438 448748
8184 449830
8118 449958
8091 450047
6295 451128
6187 451164
6181 451902
4761 453428
4653 453464
4549 453899
3462 454781
3300 454835
3294 455766
3129 456927
3058 460498
2958 460625
2704 462021
1464 463101
1353 465532
1084 467840
964 468245
958 468920
622 474784
412 480127
408 480847
354 481352
228 482790
176 483837
170 484015
44 484255
0 484296

22782 453161
22768 453248
22703 453518
22596 453568
8651 453632
8641 453644
8551 453958
8547 454045
8440 454095
5294 454096
5186 454132
5078 454781
5068 454793
4539 455511
4469 455835
3822 455855
3253 455915
3013 455987
2869 456091
2444 456374
2340 456809
2024 457852
2021 459788
1826 463138
1820 463210
1798 463480
1694 464290
1542 468712
1497 469711
1479 469763
1215 469952
1090 470039
1084 470111
964 471119
958 471786
748 476039
628 477047
622 477119
600 484514
594 487530
234 489187
228 489259
102 490339
0 490765

14037 450727
13584 451423
12537 451427
12084 452123
11471 453893
10891 455373
8311 456309
8186 456434
7347 457170
5479 457179
5263 457251
4919 458150
4913 458222
4378 458291
4372 458363
4172 461292
3742 463024
3358 464411
3194 464586
2476 464784
2472 465382
1947 465589
1887 468364
1872 469903
1554 470689
1542 470765
1395 471051
1353 471908
1335 472611
1260 474135
1254 475334
1090 478215
1033 480332
964 481647
958 482337
829 485599
823 485705
811 485761
480 485874
453 486993
449 487095
228 487566
176 488620
170 488791
0 489072

11462 454031
11412 454070
8155 454383
7997 454458
7918 454837
7724 454966
7674 455005
7602 455424
6951 455513
6685 455624
6008 455737
5742 455848
5592 455885
5542 455924
5513 456392
5463 456431
5337 457511
5197 459039
5147 459078
4992 459474
4938 459611
4896 459828
4770 460908
2544 461650
2069 462087
1753 463941
1747 464631
1720 466527
1678 467407
1672 467779
1627 468342
1552 468359
1546 469177
1446 470038
1415 472443
1372 472764
429 472988
423 473492
303 474068
180 477714
54 478794
0 479013

35141 449250
31491 449375
25435 449882
21884 450007
20351 451301
20281 452514
18340 452884
16908 453459
15356 453911
14984 454175
14016 454306
13600 454454
13397 454616
13231 455242
13047 455266
12923 455354
11934 455728
11643 455883
11623 455926
11227 456031
11024 456193
8866 456419
8426 456725
7741 457292
7325 457440
6781 458095
6473 458207
5368 461057
4824 461454
4447 462866
4215 462990
4031 463022
3907 463110
3894 463678
3662 463802
3429 464609
3225 465250
2969 465278
1953 466086
1872 470384
1452 471770
1446 472460
546 476313
228 476376
0 477882

14213 453722
12913 453761
9573 454401
9438 454653
8953 454837
8173 454949
8015 455024
4941 455418
4821 455454
4803 456081
4546 456384
4426 456420
4403 460503
4283 460539
4214 463817
2489 464105
2273 464177
2094 465071
1878 465143
1872 465848
1746 467071
1517 469445
1511 469517
1392 469535
1386 469607
1090 470039
1084 470111
964 471176
958 471334
951 479836
619 479950
242 482524
134 482654
132 483902
0 484135

25615 453950
25498 454007
11476 454129
11466 454141
11462 454699
10943 454787
10694 454791
10440 455295
9261 455519
8000 456067
6867 457492
6798 457542
5691 457976
5690 458396
5628 458452
5591 458530
5158 458800
4652 458882
4550 459510
4526 459962
3720 463283
2822 463495
2765 467007
2687 467472
2472 467628
2439 467777
2236 467793
2012 468371
2008 468409
1919 468840
1479 469195
1386 469657
1084 470111
1083 471111
964 471126
958 471198
715 482779
615 482871
489 483951
414 486572
408 486644
228 489496
176 490550
170 490721
102 490726
0 491002

30120 448616
29644 448709
29356 448969
20272 449266
19938 449341
19920 449470
19650 449601
16064 450127
15642 450288
14326 451524
14286 451543
13904 451685
13864 451704
13545 452379
12486 452721
12436 452760
12177 454090
12127 454129
11992 454708
9228 455362
8946 455581
5929 456116
5663 456227
5513 456264
5463 456303
5197 457307
5147 457346
4896 459828
4866 460480
4770 460908
2779 464080
2410 464484
2194 464556
1994 464632
1988 464704
1953 465772
1862 465784
1821 466924
1753 467452
1452 468118
1446 468190
962 472262
429 472988
423 473068
303 474076
297 474167
180 477714
54 478794
0 479013

22782 453161
22768 453248
22703 453518
22596 453568
8651 453632
8641 453644
8551 453958
8547 454045
8440 454095
5294 454096
5186 454132
4942 454300
4761 454754
4653 454790
4647 454862
4409 454965
4403 455130
4090 455226
3874 455298
3674 455374
3147 455457
2931 455529
2731 455598
2614 456258
2198 456313
2192 456521
2098 456775
2088 456948
2072 457529
1670 458338
1494 460614
1368 461694
1362 465444
1320 466593
1194 467673
622 472506
427 474938
180 475784
54 476864
0 477083

32845 443205
25441 443352
25201 443427
21786 443837
21707 444133
14648 446177
14598 446216
14569 446473
14450 446580
9989 447385
9939 447424
9930 448207
9813 448504
8752 448694
8586 448795
8490 448999
8420 449256
8329 449302
8250 450090
7301 450997
6867 451447
6741 451674
6255 452170
6208 452424
6154 452635
6112 452926
5722 452994
5651 453008
4948 454143
4936 455799
4325 457222
4209 457284
4180 459336
4031 459554
3926 459874
3287 459906
3162 459969
2924 460363
2764 460518
2758 460590
2662 461092
2272 461956
2146 462183
2092 462394
1749 462642
1743 462714
1521 462863
1498 463585
1362 466558
369 468722
249 469668
243 469740
180 471022
130 472506
126 472608
0 472791

89403 430234
51454 430346
51354 430672
45010 430816
44626 430992
41314 431362
37936 431492
34707 432749
32362 434264
27523 435421
27006 436498
26191 438634
26043 438928
25674 439711
25552 442792
24790 443079
23791 443662
23664 444327
22211 445511
18741 445829
18552 445895
18512 445913
17398 445951
17185 446055
17099 447079
17059 447097
12151 447917
11713 448280
11701 449082
11638 449100
10448 449629
10027 450593
9787 450665
9108 450734
9084 450817
8844 450889
8143 453698
7903 453770
7212 454863
7032 454917
6744 455049
2361 457605
2299 457661
2262 459082
2076 467800
1908 472121
1452 475657
1320 475765
1078 476548
228 481264
176 482417
170 482489
0 482770

19231 453976
19123 454012
5294 454096
5186 454132
4761 454754
4653 454790
4647 454862
4409 454958
4270 455244
4030 455316
3557 455884
3341 455956
3141 456032
2614 456108
2398 456180
2198 456256
2192 456677
2094 456691
2088 457112
1803 457222
1703 457548
1697 458776
1643 459913
1571 459929
1548 460403
1452 460757
1446 461178
1422 461766
1416 461830
1326 461837
1320 462258
1292 470804
1194 471019
1166 471392
960 474164
427 474938
414 475660
180 475784
54 476864
0 477083

7339 454798
7329 454810
6396 455022
6386 455034
6296 455348
3986 455661
3770 455733
3043 455885
2827 455957
2727 456283
2510 456543
2294 456615
2188 459173
1674 460102
1548 460329
1542 464625
1260 471036
964 471789
958 471996
727 474499
427 474506
423 475241
180 475784
54 476864
0 477083

