95751 330914
95086 331003
94713 332176
90582 332207
90151 332353
89009 333045
85438 333774
83263 333987
63944 334479
63209 334541
62610 334643
55169 334813
54027 335523
53531 336227
53131 336433
52311 338654
50393 339090
48779 339653
48429 339881
40386 340075
39652 340265
38987 340354
37515 340367
32211 340435
31219 341197
24815 341468
19832 341666
19412 342086
18960 345738
15357 346618
13987 347292
13948 347949
11223 348264
10767 348650
10746 350063
9075 351968
8619 352354
7723 353820
7233 354567
7051 355124
6919 355859
6561 356351
6503 356667
6433 358232
6048 361609
3690 364165
3568 364332
3148 364752
2728 365282
2700 365657
2560 365762
2280 366007
202 367838
132 369403
69 373009
0 373958

18350 344677
14796 344956
14256 345396
12704 345486
11472 345535
10932 345975
10100 347872
9560 348312
9269 350604
8689 350641
8619 352164
8533 352173
7547 352267
7303 352537
7233 354060
6631 354321
6086 354929
4346 356445
3548 356451
3478 357974
2146 360670
872 361413
802 362936
118 365061
48 366584
0 368829

25067 345278
24745 345499
19258 345830
19005 346300
17145 346409
15092 347379
13292 348700
12200 348922
10108 349452
8689 350641
8619 352164
7303 352537
7233 354060
6086 354929
4346 356445
3548 356451
3478 358016
2258 359517
2146 360670
872 361413
802 362978
118 365061
48 366584
0 368829

25067 345278
24745 345499
19258 345830
18167 345860
18058 346027
17145 346409
16892 346598
16547 347312
15405 348121
13292 348700
12200 348922
10108 349452
8689 350641
8619 352164
8017 352425
7303 352537
7233 354102
6086 354929
4346 356445
3548 356451
3478 358016
2146 360670
872 361413
802 362936
118 365061
48 366584
0 368829

23613 344440
18468 345073
14950 345228
14410 345668
13232 346155
13162 347720
12200 348922
10108 349452
8689 350641
8652 353393
8619 353706
8417 353885
7233 354582
6998 355074
3548 356451
3478 358496
2146 360670
1607 361683
872 361694
802 362978
118 365061
48 366584
0 368829

20434 345191
19202 345240
18542 345329
18535 346308
18170 346355
18149 347056
14854 347068
14432 348138
12165 348283
11500 348372
10800 349043
10746 349472
9661 349981
9381 350232
8722 351348
7303 352537
6991 353386
6326 353475
5906 353895
5626 354146
3968 356789
3478 358016
3230 358857
3150 360914
2404 361082
1088 361429
1018 362936
802 362978
118 365061
48 366584
0 368829

22545 344550
22251 344946
15740 345307
14859 345837
13627 345886
13239 347289
12007 347338
11839 349090
10621 349234
10108 349452
9546 350202
8689 350641
8619 352164
8017 352425
7303 352537
7233 354102
6631 354321
6086 354929
4346 356445
3548 356451
3478 357974
2258 359517
2146 361030
872 361413
802 362978
372 363838
118 365061
48 366584
0 368829

21793 341612
21128 341701
17653 342264
17572 342913
16618 343142
16451 344767
15190 344815
13551 346387
12886 346956
12186 347225
11711 347526
11291 347946
10767 348414
10744 349790
10108 349932
9661 350393
9381 350670
9325 350979
8689 351121
8619 352350
7303 353377
6991 353386
6326 353475
5906 353895
5626 354146
4776 355693
4346 356445
3548 356595
3478 358016
3230 359217
2258 359997
2188 361082
1088 361773
872 362253
802 363818
334 365421
118 365901
48 366986
0 369189

24575 345577
24510 345626
20259 345729
19595 346360
18803 347184
18686 347477
18318 347586
17705 347602
16505 347799
16367 348038
15531 348572
12200 348922
10108 349452
8689 350641
8619 352164
8017 352425
7303 352537
7233 354060
6086 354929
5936 355967
5368 356002
4346 356445
3548 356451
3478 357974
2258 359517
2188 361040
872 361413
802 363458
372 364198
118 365061
48 366584
0 368829

32348 341312
31683 341401
26355 341862
20546 342414
19881 342503
18433 342993
16450 344099
15701 344989
15643 345909
15410 346396
13551 346439
12886 346528
12132 347628
11047 348137
10324 349504
10108 349984
9661 350033
8905 350693
8689 351173
8405 353716
7477 353832
7377 355519
7233 356033
4048 357261
3650 358797
2950 359108
2450 361533
2196 362651
1817 362873
1292 363668
1082 363878
802 364675
118 364956
48 366521
0 368724

25265 344550
24179 344648
19214 344993
17758 346505
17054 346929
15538 347351
15526 348572
13918 348803
12200 348922
10108 349452
8689 350641
7303 352537
7233 354060
6998 354597
6631 354681
6086 354929
5368 356163
4346 356445
3548 356451
3478 358016
872 361413
802 362978
372 363838
118 365061
48 366626
0 368829

26424 345278
20474 345830
18536 346507
18283 346696
16483 347477
16055 348538
15517 348572
12200 348922
10108 349452
8689 350641
7303 352537
7233 354060
6631 354321
6086 354929
5936 355967
4346 356445
3548 356451
3478 357974
2258 359517
2146 360670
872 361413
802 362936
372 363838
118 365061
48 366584
0 368829

21742 344199
17738 344561
17724 344658
14796 344956
13310 345162
12704 345486
12164 345926
11672 346576
10592 347456
8826 349482
8286 349922
8216 351487
8104 351773
8064 353014
7229 353566
6400 353969
6324 354583
4329 354773
4259 356773
3766 359758
3548 359965
3106 360650
2666 361143
2286 361333
706 363240
636 364292
618 366280
293 366654
118 367822
48 370213
0 370258

25067 345278
24745 345499
19258 345830
19005 346300
18309 347586
18071 347882
15405 348121
12200 348922
10781 350111
8722 351348
7303 352537
7233 354102
6631 354321
6086 354929
5368 356002
4346 356445
3548 356451
3478 358016
2258 359517
2146 360670
872 361413
802 362936
118 365061
48 366584
0 368829

27961 341462
27896 341511
27296 341551
17028 341948
16488 342388
14761 344374
13529 344423
12989 344863
12559 347418
11318 347935
10778 348375
10746 349472
10708 349924
9661 349981
8989 351765
8864 351953
8811 353321
7789 353380
6991 353386
6326 353475
5906 353895
5626 354708
4276 358010
3548 358295
3478 359391
3400 364332
2980 364752
2560 365282
2280 365533
1441 367203
622 367688
202 367838
132 369403
118 372901
69 373009
0 373958

19002 341145
18342 341234
17927 342025
17642 342083
16842 342534
16562 342963
15110 343511
14796 343752
13836 344612
13424 345648
13410 346008
12886 346476
12464 346508
12450 346868
12132 347576
11047 348085
10883 348315
10218 348404
10193 349172
9258 349264
9248 350345
8828 350765
8722 351348
7303 352537
6991 353386
6326 353475
5906 353895
5368 356002
3548 356451
3478 358454
3230 358857
2146 360670
872 361413
802 363030
118 365061
48 366626
0 368829

28515 342213
27850 342302
22706 342765
22041 342854
21979 343442
21314 343531
21086 344709
20138 344896
19033 345679
15643 345857
14978 345946
13551 346387
12886 346476
12132 347576
11047 348085
10800 349318
10767 349422
10108 349452
9381 350507
8689 350641
8619 352206
7303 352537
7233 354102
6991 354472
6754 356362
5798 357044
5728 357776
4315 358348
3968 358633
3650 358718
2950 359108
2146 360951
872 361413
802 362978
372 363838
118 365061
48 366626
0 368829

29202 342302
23252 342854
21160 343384
21101 344610
20488 344626
19788 345475
18309 345596
14978 345946
14465 346387
12886 346476
12186 347325
11047 348085
10767 348514
10108 349452
8689 350641
8619 352206
8164 352702
6991 353386
6326 353475
5906 353895
5626 354224
3548 356451
3478 358016
2950 359186
2188 361082
872 361413
802 362936
118 365061
48 366626
0 368829

18024 343951
16792 344000
13529 344366
12864 344455
12164 345126
11904 345315
11624 345566
11404 347106
11318 347398
10086 347431
9546 347871
9476 349394
8714 349768
8174 350208
7440 351378
6900 351818
6326 353475
5906 353895
5626 354224
4346 356445
3548 356451
3478 357974
3230 358857
2950 359186
872 361429
802 362994
118 365061
48 366584
0 368829

158023 331976
157847 332129
130359 332596
129759 332651
127172 332754
113043 334404
109689 335550
92949 336229
91774 337027
87783 337088
87493 338284
86061 338498
84186 339022
84150 339183
73309 339409
71944 339504
71776 339911
66770 340128
64648 340504
57243 340763
55691 340940
54581 341038
35309 341778
33279 341920
31613 342467
28484 342992
26999 344202
22985 344983
22320 345072
19207 345240
17948 346021
17439 346505
16934 346698
16074 346910
12165 348283
11646 349221
10746 349472
10227 350410
9381 350890
9142 351686
8722 351828
7723 352875
7303 353017
7233 354582
7051 355139
6998 355214
5788 356340
3968 356789
3478 359309
872 361893
118 365061
48 366626
0 368829
