20211 166547
19314 166982
16204 167330
15284 167745
14830 167752
14412 168017
12425 168141
11892 168535
10679 168661
9819 169016
9709 169827
9389 169867
8741 170315
8315 172306
8197 175533
7171 176464
6523 176912
6136 177731
6125 178058
5996 180253
5373 182187
5204 182232
5076 182353
4921 183218
4212 183332
3698 183489
3447 183900
3281 185823
3254 187231
3034 187441
3023 187768
2908 189539
2898 190629
2574 195135
2434 198320
2047 198843
1758 199053
1747 199380
1582 199962
1398 205341
967 211427
953 211941
923 212208
912 212535
747 213117
607 216903
303 221047
243 222168
0 222538

69417 149549
63779 149815
58054 150367
50018 150656
47375 150706
38354 151059
31754 151078
31243 151287
29392 151355
27025 151516
26998 152051
26661 152053
23814 152660
23583 153345
22654 153878
21173 154089
20817 154092
20687 155436
20680 155819
19606 156311
19413 156451
18191 157094
17098 158941
17095 159327
16141 159376
16138 159762
13775 159882
12104 160289
11367 160610
9696 161017
8797 165598
8240 169602
8190 169867
7590 170145
7238 171798
6711 171878
6049 173806
5784 178063
5734 179367
5625 179480
5315 179625
5230 179705
5144 180584
5087 181668
4775 181987
4345 183565
3907 184415
3655 185498
2905 187051
2825 187229
1903 194792
1759 197715
1709 198376
1151 202110
1007 205030
957 205691
802 206513
607 209306
557 210158
544 214897
350 217533
0 218131

29979 155208
28921 155303
27284 155369
26751 155763
26570 155779
26144 155900
25548 155993
24043 156513
23302 157371
22391 157463
21076 158009
20846 158098
20808 159207
19413 159667
18761 160308
15650 161456
12328 162690
11036 163057
10692 163161
9920 163418
9891 165494
9379 166936
9095 167816
8867 172468
8741 173015
8516 174817
8231 175088
7956 175207
6616 175368
6108 175545
5823 175816
5627 181075
5401 181281
5374 181330
5268 181617
4463 183143
3967 184859
3536 186523
3141 186748
2719 187496
2251 190362
2201 192221
2091 195505
1953 197961
1748 202050
1571 202570
1357 205598
1261 206519
791 209241
731 210097
547 212539
497 218191
350 222301
0 222903

27259 152886
26739 152952
26622 153025
26617 153039
25093 153282
22772 154189
21909 154579
21577 154649
21154 154675
20814 156658
18754 157139
17879 158752
15045 158963
13662 159278
12199 160551
11118 160576
11051 160633
9412 160712
9190 165863
8426 166070
6745 166993
6738 169361
6460 170846
6268 170859
5921 171855
5871 172516
5335 173395
4690 174029
3196 178956
3024 180850
2407 183230
2316 185937
1784 188695
1634 194127
1527 202426
1169 203353
953 203401
923 203668
917 204295
903 204340
747 205234
607 207492
0 212832

25048 166784
24411 166850
23883 167003
23209 167180
23064 167970
20128 168032
19600 168185
19533 168779
19308 169416
19212 169816
18284 169956
17877 170355
17684 171714
17374 172139
15465 172382
13369 172415
10203 172811
10069 173472
7224 173975
7055 174257
6412 177277
6289 177770
6250 182373
6202 183446
5397 184062
5337 184213
4003 186062
3475 186514
3425 187167
3024 187826
2912 190884
2737 191646
2729 198044
2318 198089
2268 199951
1953 201964
1839 203037
1662 205386
1612 206064
1517 207171
1516 209113
1497 211007
1438 211444
1304 211884
912 214965
909 219172
515 219194
350 225689
0 226291

35411 145797
34645 145835
34540 146694
34487 146851
31502 146871
30683 147116
28916 147620
28066 147928
27983 148432
27715 148502
26984 148503
25617 148716
24918 148777
24578 148865
23549 149215
23200 149279
21013 150993
20218 151943
19299 152465
19147 154216
18519 154354
18335 154429
16639 154430
15748 154722
12488 155626
11971 155804
11708 157757
11314 158189
11139 158241
9267 159136
9208 160913
9092 163300
8693 163399
8679 163407
8203 164956
7949 168034
7399 168779
7053 169002
5685 171969
5594 177414
5250 177518
4654 182162
4512 182234
2949 183993
2867 186286
2604 196611
2050 198115
1647 201813
1537 202270
1297 203489
1214 206626
1153 209643
1114 212174
1010 215157
784 215178
380 217709
0 218134

30776 146288
27040 146477
26997 147134
25313 147249
23827 147988
23528 148391
22719 150119
20549 151158
16856 155520
14841 156239
14743 156352
13728 156703
11713 157422
10832 160721
10553 164625
8568 165199
7426 167534
6645 177338
6580 177659
5729 178406
5679 179067
5544 179723
5100 179802
4311 180160
3865 180721
2659 183128
2193 193646
1963 193704
1903 193983
1597 207480
1594 208191
1510 211702
1149 211707
844 212346
494 214921
342 218996
292 219657
236 220040
0 221151

32293 158596
31525 158729
31515 158861
28795 159069
26799 159495
25576 160180
25155 160453
25025 161078
23901 161102
23090 161450
22914 161648
22455 161979
21323 163306
21305 163383
21189 164580
19967 164587
19341 164827
18141 166789
18131 169218
17531 169344
14973 170324
14791 170381
13442 170908
13266 171442
12810 171558
11005 171575
10591 172016
8853 174831
8110 175809
6856 178836
6404 180316
6291 180599
5952 182082
5723 185341
5280 185984
3255 186614
3114 187584
2899 192610
2707 198936
2297 201490
2193 201553
1797 204847
1577 205057
1571 205789
1401 205966
1313 212776
917 212940
787 216096
607 216137
383 219198
243 221231
0 221489

43741 150835
32593 151192
32067 152087
28429 152349
27076 153134
25902 153780
24801 154137
24429 154260
22752 155162
22734 155507
22164 155558
21636 156799
21162 156944
20560 157048
19976 158873
19621 159116
18621 159221
17686 160529
17192 162453
14781 162614
12597 164062
12358 166362
12352 166695
12049 167445
10264 171673
10068 172991
9379 173266
8803 173761
7856 174147
7787 174156
7640 174643
7307 175157
7087 175620
6492 176490
6205 180574
5952 181802
5608 181906
5387 183452
5254 184488
4412 185228
3993 185262
3415 188355
2625 190603
2385 190941
2328 196900
2245 196918
1811 205739
1763 206407
1667 207065
1617 207726
1133 208659
976 211212
887 211593
840 218679
0 219407

67636 143707
58230 143929
53954 144967
53382 145033
53284 145345
52552 145759
44664 146496
37256 146553
35045 146637
33164 146945
31871 147014
29984 147370
27122 147672
26222 148675
24048 148761
23949 150491
21659 151834
21489 151847
21459 152002
21168 153645
20881 153806
18712 154580
15996 157320
15822 163528
13740 163690
12980 163731
12390 163919
11191 165575
10563 165960
10533 166084
10374 172652
9481 174183
8291 176820
7694 177121
7555 177872
7445 180038
5781 182602
4902 184965
3979 187139
3572 188128
3442 188594
3421 190983
3071 192148
2226 193984
2140 199089
1968 202019
1597 202675
1309 205158
634 216096
380 221492
0 224402

36596 147686
34229 147847
31728 148016
31202 148558
28348 148693
27127 149343
25421 149470
25329 149894
25063 150081
24895 150327
22741 150338
22735 154057
19741 154115
18518 158875
16742 159172
16666 159910
14167 160158
11999 160782
11309 161334
9935 161406
9139 165467
7772 170874
7528 170935
6915 172933
6029 173908
5607 183663
5201 184117
5132 184120
4587 187689
3406 188697
3286 194665
2839 195712
2701 196109
2369 196985
2299 201801
2260 202234
1713 204867
1667 209580
737 210579
333 213122
0 215362

47063 151213
46935 151396
33785 151741
33310 151757
33136 152587
32731 152757
31632 153848
29835 153884
29637 154727
29376 156364
29348 157017
28106 157281
26718 157399
25810 157831
25568 158279
24284 158404
23809 159964
23380 162014
22513 162855
21709 162981
20525 163449
17629 164788
17482 165612
14419 166394
13663 167019
13168 167269
11978 167588
10632 168003
9794 173283
9512 174381
9295 175327
6774 177323
5872 181050
4597 181332
4111 181838
4077 186893
3718 188443
3541 192656
3493 196336
3273 198122
3125 199004
2665 199018
2405 199454
1677 201707
1623 208530
1547 210092
1497 210753
1385 210862
929 212964
843 214008
557 214190
497 214469
303 216329
0 218840

42044 152713
38609 152841
38353 152902
37801 153561
31481 153698
30382 154742
30292 155144
29582 155427
29549 155508
27919 155626
26837 155799
24801 156295
24410 156451
20263 157663
18276 158736
17783 159598
13553 159604
12664 160116
10962 162571
10210 163574
9965 164133
9105 164488
8316 166676
8004 166988
7708 167189
7362 167397
7288 167631
7239 171273
6361 172748
6140 172880
5710 175974
5135 176563
4753 176568
4563 176724
4464 178707
4453 179409
4154 180195
3915 180495
3589 181303
3493 182663
3085 182974
2979 188622
2956 189972
2580 190556
2403 193845
2299 194812
2264 195846
2013 197569
1724 198167
1646 199295
1596 200098
979 202088
607 206378
353 209293
0 211706

29983 155208
27616 155369
26342 155889
25448 155993
23702 156513
23471 157387
22395 157463
22172 157738
21278 158009
21102 158230
20004 159667
18256 160414
17651 162007
16453 164539
16109 165503
13128 165542
12959 166132
12855 166378
11161 167408
10817 167512
10447 167799
10397 168460
10116 169540
9772 169644
9571 170045
9227 170149
8828 174165
7320 177263
6672 178581
5482 180848
5138 180952
5114 182403
4971 186120
4115 187143
3775 188047
3055 188551
2719 191692
2287 196758
2047 202120
1967 202952
1953 205748
1547 206192
1307 206696
1201 214609
950 215273
692 218506
604 219386
350 222301
0 222903

30212 147856
29786 148101
28952 148231
28163 148430
25116 148817
24468 149095
24182 149230
23102 149654
22386 151697
21921 151865
21629 152021
21236 152301
20036 153800
19530 154212
18250 154840
16812 155121
12440 155173
11227 155674
10938 158232
10911 159872
10806 160021
10521 160126
10320 161180
9924 161549
9076 163924
8863 164899
8263 166030
8208 166065
8175 168563
8107 170056
7462 170234
7355 170402
6904 170706
6774 171323
6058 171868
5798 171955
5618 172780
4829 175240
4304 176379
3398 179305
3298 182045
3005 187517
2461 191929
2393 193507
2348 197903
1955 200751
1547 202710
1527 206454
1335 207176
950 211582
604 215778
544 216063
350 218693
0 219292

27730 152040
25413 152201
24442 153201
24358 153494
24239 153933
23026 154059
22378 154507
22305 154648
22103 154869
21065 154993
20145 155840
20075 156224
19610 156968
18347 157184
18277 157568
15404 158168
13013 159105
11065 160012
10417 160460
10176 162457
10112 162655
9528 162905
9095 163685
9051 168346
8504 169215
7882 170707
7724 171295
7068 171498
6375 172375
6337 177024
6272 177390
6141 177909
5186 178451
4522 180315
4484 180948
4069 180967
3904 183350
3005 185425
2547 187667
2419 190464
2281 193389
1951 194855
1297 202394
1247 210984
1244 211434
1236 211504
976 211581
909 214510
604 215777
544 216056
350 218692
0 219291

75510 148498
75132 148524
75002 148723
70019 148738
69641 148764
57828 149292
55924 149644
53863 149665
45467 149998
44365 150112
43778 150289
40977 150574
39145 151667
38984 153184
28781 153227
28436 153816
27800 154106
26954 154194
26253 156228
25634 157443
24654 158658
16374 159207
15365 159738
14071 163685
14054 164164
12078 164346
11090 164707
9644 166096
9567 170735
9498 170744
8666 171978
7109 174453
6028 174528
5632 177014
3631 180063
3297 180899
3226 180919
2892 181783
2859 184958
2647 189707
2201 190287
2191 191069
2154 196145
2153 196371
2151 200298
2023 200304
1582 200422
1532 202357
1522 202939
979 208557
747 209733
607 212753
353 215668
0 218096

26111 163783
25514 163833
22256 164179
21701 164774
20791 165144
19443 165160
18107 165662
17977 165809
16723 166661
16469 166704
16083 168553
15686 168668
15326 168671
13655 168731
13540 168791
11691 168857
10045 169127
9849 169605
7382 169979
5932 175875
4204 179914
3425 180437
3422 183496
3088 184360
2708 187288
2361 188149
2191 188326
2082 193507
1609 194354
1575 196574
1455 197144
1452 197598
953 205500
923 205767
917 206499
737 209289
607 209796
557 210466
353 212711
303 213439
0 215133

29748 158596
27566 159061
26409 159293
26096 159295
24907 159397
23111 159901
23031 160308
22981 160526
22068 160763
21724 160867
21341 161009
21121 161126
20687 161397
20485 161492
20356 162130
20092 162630
19933 162855
19769 163055
18292 163601
18058 163904
17967 164053
17639 164309
17607 164513
17556 165301
16241 165360
16111 165381
15751 165841
13758 165843
12012 166363
11668 166467
10805 170770
10645 170935
9079 171083
8735 171187
8685 171324
8657 175485
8365 176602
7278 177590
6934 177694
6309 178809
5965 178913
5939 180561
5915 180813
5423 183340
5096 185499
4752 185603
4728 187170
4429 187896
4292 189088
4022 189941
3926 190902
3876 191563
3755 192625
3321 193530
3091 193876
2705 195819
2655 196519
2495 196533
2465 197550
2408 197723
2362 200020
2273 203587
1392 204575
1008 214334
811 218922
634 220579
574 220858
410 223640
404 224414
175 225258
0 226714

50284 147441
45158 147460
43362 147835
38888 147878
34159 148030
32289 148668
31698 149782
27173 149933
26663 151058
25948 151384
24571 151687
24392 154238
23954 154791
23320 155073
23155 155559
22680 156184
21900 156610
21146 157138
19644 157783
19156 158808
17702 159562
17303 160109
13682 160322
12350 160948
10746 162345
9498 162837
8959 166309
8726 167290
8049 171890
6812 172275
6148 172591
5590 173979
5036 174600
4958 177159
4665 177942
4090 178491
3414 181509
3304 182453
3217 187054
3205 189805
2986 190544
2884 192676
2877 195663
2721 196350
2627 197262
2625 200167
2089 200433
1949 200920
1219 205456
917 206065
607 209251
353 212166
0 214594
