33709 263749
33429 263777
29267 263967
28987 263995
27594 264361
27314 264389
24519 264737
18308 264760
18028 264788
17513 265445
17445 265453
12928 265628
10480 266104
10425 267830
7488 268491
7354 268631
7118 270940
6984 271080
6928 271227
6794 271367
4580 271709
4310 272033
3540 273188
2518 274980
1566 276786
1488 276939
1422 277092
1404 277144
1378 278684
1118 279664
540 281392
468 284513
0 289222

54873 242921
53854 243565
51826 243715
44703 244379
43684 245023
41656 245173
38715 245351
36195 245819
35668 246145
19266 250436
18739 250762
17238 251180
16796 251443
14768 252187
13772 252871
11744 253615
10344 254675
9138 255755
9066 257621
7038 257771
6468 258503
5208 261527
2808 268847
1058 274447
950 275473
560 280048
200 285428
100 287213
0 291613

55113 258825
54290 260380
51120 261146
50926 261241
50460 261575
48242 262297
46911 263067
45591 263925
44530 264220
44234 265706
42905 265829
42235 266361
40886 266951
39690 267020
39446 267887
38250 267956
38227 269770
36760 269791
35564 269860
35194 272381
26934 275685
25850 276445
23164 278349
22651 278859
21067 280635
20779 280999
20260 283411
19064 283480
18551 283990
18344 284200
17956 285907
16760 285976
16225 287155
16036 287192
15604 288464
14234 289916
13551 292017
13038 292527
12782 293700
12026 293895
11489 295215
10085 299823
9600 303816
8052 306701
7674 308015
7512 312908
6702 315689
6324 317003
4296 327055
2526 327485
1824 330311
1350 332429
1176 336473
0 339029

93360 257995
92636 259682
92301 259762
85331 259773
78322 259838
73487 260756
72730 260856
71687 261196
70930 261296
68067 263576
67310 263676
66866 263976
66398 264318
65604 266212
65526 266226
64563 266576
63806 266676
63299 267760
62542 267860
58266 267934
57549 268291
57258 268550
56819 268711
56708 268956
52003 269421
51499 269666
50537 270369
48467 273815
48023 274115
46593 275160
40096 278372
38224 280075
37791 284538
36039 284582
35077 285285
33205 286988
31175 287298
30936 287428
29974 288131
29872 288833
28102 289834
26529 290705
24772 293569
23199 294440
22126 298168
21856 298672
20326 298795
20175 298892
17316 303109
16963 303732
16693 304236
14907 306739
14047 310536
12261 311338
11991 311842
11675 312522
11159 317452
8787 320977
8429 325012
7726 326620
7545 333554
6888 337082
4107 342427
3046 348070
2912 349090
2685 349609
2496 353138
2028 353866
1794 364878
234 387124
135 389126
0 392816

113837 260778
111023 261366
92942 267834
85306 270640
77470 271606
74656 272194
69928 273466
65800 274954
62920 276618
57044 280414
55020 282042
54096 282918
47232 290310
43368 295140
42118 300427
42000 300767
35254 307819
35136 308159
34404 308809
34286 309149
33998 310165
28704 310759
27564 317436
27134 317557
26888 317878
21840 318151
20990 319141
19830 321921
18690 328598
13730 330812
11830 333762
11010 335707
10084 338045
9184 339039
8334 340114
6234 344520
5334 345514
5074 347470
4174 348464
2930 355802
2810 356202
1854 357452
954 358446
504 359851
432 360351
0 368295

73749 206443
73548 206494
56233 206899
56032 206950
51742 208100
51586 208178
45823 211170
44917 211650
44114 212101
34349 218261
32076 218914
31056 219238
30612 219448
30294 219604
30138 219682
29232 220162
28429 220613
28033 223249
20841 226465
18573 228625
15261 232029
14239 233177
13651 234423
11753 238505
11483 239189
10295 242393
9647 250567
9585 251288
9255 252178
6045 254905
4667 259039
4603 262226
4333 262910
4201 263266
3042 264967
2823 267400
2677 267652
2020 283710
1994 283843
1416 285817
1078 286403
988 286563
962 286696
292 287812
0 290896

63510 247874
51278 248553
50608 248803
45790 251762
43466 255894
34258 260101
33789 260472
33515 265125
33113 265305
32672 267371
19274 267549
18805 267920
15571 270626
13989 272593
12880 275743
12412 275849
11297 276784
10734 279636
10500 279894
8918 281861
7521 282379
7287 282910
5495 287488
4830 287496
4596 288027
4514 289432
4280 289963
3988 291580
3560 291605
2804 292605
1670 298652
914 299652
104 303132
52 303481
0 303928

121886 280483
111064 287681
83326 297001
72068 297241
65264 299617
63599 303689
60217 305440
53456 305441
51058 306882
50189 307443
48329 308807
47867 308981
46229 309553
46154 311770
40714 311827
39076 312399
38256 312794
37231 313309
35371 314673
30362 317379
28502 318743
26416 323102
21248 325061
18547 327910
17926 328639
17515 339321
13909 341906
11675 344666
9022 345938
8490 347302
7580 350188
5410 358806
4745 362306
3876 366937
3176 371137
3023 372174
2652 375779
2619 378780
1989 381576
1919 381588
1766 382625
1395 386230
1269 387518
1108 395945
756 397796
677 398508
630 398665
450 401925
306 402113
180 403401
0 406661

64224 276480
48055 280513
37128 283992
33502 285217
30442 286495
27274 288607
25708 289854
25502 290058
22508 292736
21902 294458
19340 294848
17576 296666
16588 297730
16318 298099
16066 298451
16030 298503
15952 300216
15448 300920
13218 302607
12600 303537
11802 305733
10914 308493
10612 311032
10128 312292
9240 315052
7795 319608
6907 322368
6546 322941
4336 331849
4282 332182
3742 332943
3448 334609
2650 336933
2290 337245
2254 339592
1930 339717
1888 339769
862 343036
754 343552
680 343966
610 345091
536 345505
278 346588
208 347615
134 348029
108 348228
0 348957

65904 258951
65110 260091
60710 260239
56168 262561
47057 264161
44087 265221
43634 266685
42824 267108
42114 267123
40230 267309
38781 268478
37476 270144
35865 270866
35420 270970
34762 272178
34034 272248
33530 272784
32665 274066
32494 274670
31713 275074
31146 275713
30391 276643
29945 278323
29137 279279
29004 279453
28952 280512
28703 281810
27388 283387
27325 283510
25184 284581
24164 285661
22154 287821
20689 292393
20243 294073
19302 295455
15249 302393
12452 303319
11242 311969
7012 313319
5608 316199
4236 319454
3144 322352
2434 325077
1664 328641
702 334101
648 342321
522 344960
0 346074

116123 272550
103055 277610
97265 280804
92303 282026
88175 284234
87140 285114
84197 285864
83145 286480
82960 286634
81925 287514
78956 292506
78187 293151
77152 294031
73741 294906
69189 297305
65823 299889
64203 301201
63996 301377
63941 304020
62276 306320
55812 308769
55680 308893
51788 313261
51526 321632
45958 322017
45911 332888
39193 333435
37716 336025
35112 341065
34048 343257
33804 353421
29195 353699
27718 357927
27325 364492
26383 367671
25698 369401
24606 370209
23226 371980
22029 374446
21618 375466
21144 379033
21103 381648
20818 382476
20816 383572
20571 388126
19646 388718
18394 391871
18290 392072
17042 393758
16436 395225
15025 396633
13505 401839
11545 410883
10468 414864
9974 418100
9953 419257
9894 419601
9790 419802
8542 421488
7550 426288
6959 437000
6615 438389
5915 443109
5447 447304
5249 449928
3770 452048
3482 454288
3406 455596
3322 459780
3282 460993
3246 461088
3206 462301
3102 471618
3026 472926
2860 482697
2784 484005
2744 486500
2510 491362
2416 494219
2371 499439
2099 502874
2027 504370
1202 504664
1042 510156
1002 511369
670 518132
630 519208
510 523624
470 524837
385 531723
290 534493
70 536596
0 545241

95029 270868
84427 272464
80934 273283
78101 274162
67499 275758
59521 279016
59059 279170
55369 280690
54860 281863
54440 282085
51290 284285
39891 288713
39471 288935
36663 296806
31287 297559
25678 304091
24949 304946
23479 307438
20977 311722
20637 312322
18986 316480
17336 319246
17217 319656
13916 326580
13865 327886
13500 328946
12839 333279
10914 333800
9834 336408
9700 336790
9644 340813
9614 342294
9480 342676
8919 346208
8256 346240
8105 346911
7117 349267
6983 349649
5759 353213
5701 355065
5645 359088
5608 361018
5270 361592
4333 362247
4257 364515
3888 370072
3139 370210
2801 370784
1760 371488
575 378148
204 381914
0 384464

76034 240370
60198 241887
52773 243662
50973 244312
49917 244744
49475 246667
45299 248175
42105 249168
40305 250188
38031 252315
33733 255325
32551 255793
30751 256573
30349 256819
28229 258179
25099 260477
24697 260855
22433 262827
21961 263781
21709 263867
19987 267253
19012 268288
18607 268949
17884 270136
16780 273359
15235 279519
12484 282111
12286 282678
11923 289788
10690 294351
8722 295260
8228 297122
7888 305413
5988 305886
4917 312429
4836 313419
3879 321683
2808 328226
2600 340767
2572 343644
2300 345098
2180 345169
1816 346822
1768 347307
1236 348184
1012 350485
680 352496
528 353350
416 354720
264 359879
0 360886

35918 213904
35150 214354
33416 214404
32648 214854
30765 217430
24612 217703
20892 221063
20235 223153
19857 223580
19416 224117
19341 224943
18213 225079
17835 225506
17691 225795
17394 226043
17313 226222
16911 226511
16872 226759
16533 226938
16092 227475
15136 227842
11075 228622
10373 229415
9644 231098
9328 231846
7176 238630
6985 239252
6548 240895
6545 241066
6037 241272
5888 241838
4928 243145
4417 243522
2558 247165
2047 247542
1934 249013
1423 249350
670 253637
159 253974
0 255123

106162 246825
101392 247797
84056 252549
80960 253485
80540 253681
65404 261337
64747 261688
64144 262057
58158 266145
53418 269505
44410 275030
43577 275336
39670 278765
38837 279071
38704 279191
32708 282073
32192 282334
27452 285889
27036 291414
26250 292460
25284 292886
24880 293900
23964 294492
21514 298552
19078 298807
14032 298924
13132 300214
8382 308139
8315 308259
7265 310239
4765 319689
4296 321523
4086 322471
2984 328039
2896 333813
1794 334312
1404 339982
1260 346204
1206 349274
678 352680
648 356386
288 358545
0 363985

83311 263553
50990 266064
42972 267393
38410 268728
35962 269340
26340 270305
25660 270513
24134 271402
24086 273596
20534 273688
18240 275579
17280 276411
16004 277863
14099 280248
13976 281825
13796 281981
12299 282888
11918 283647
11891 284366
11626 284515
11414 285283
11306 286419
10271 286706
9890 287465
9598 288333
9386 289101
9022 290536
8606 294048
8590 295402
8218 298021
7438 299376
6759 300859
6248 303547
5991 306673
5975 310237
5391 310495
3998 315733
3623 317980
3582 320269
3566 320795
3207 322516
3191 323042
3082 323415
3066 323623
2498 326071
2482 331891
1549 336529
1111 341413
746 346313
446 350689
276 350777
120 352367
12 353655
8 353777
0 355121

57058 240431
56305 240506
45032 242971
36519 244614
35925 244764
34892 244867
34732 244921
29670 246519
27682 246722
26962 246952
26242 247330
25935 247739
16378 248659
15784 248809
15064 249039
14928 249173
14088 250068
13260 255752
12360 256922
7872 258076
7200 259540
6304 261992
5776 266203
5642 266431
3704 269766
2642 275341
1682 278221
1492 278586
980 280639
530 283695
360 285067
18 285722
0 285840

59105 217059
58065 217075
57577 217147
54904 218478
46913 219331
45873 219347
45631 219407
45487 219445
43224 220590
43023 220641
41613 220873
40719 221249
39953 221579
38104 221743
37903 221794
35815 222345
35049 222675
34329 222987
32628 223897
31620 224569
30723 226077
30522 226203
29643 226881
29577 226933
27740 227929
27236 228419
26737 230277
25697 230293
25166 230765
24260 231941
24122 232120
24052 232265
23602 232970
22709 234407
22696 235124
17795 235734
17075 236046
15374 236956
15128 237376
14246 237614
14045 237665
13754 238004
13571 238457
12125 240245
10784 241568
9245 243957
8834 244943
6717 247541
6509 247865
6227 249926
4559 251240
3467 253580
1492 260805
238 265897
106 266679
0 267445

49034 263050
48548 263366
47924 263894
45196 264192
42826 264762
42202 265290
41920 266889
39862 267870
38964 268898
23846 270716
22235 271937
22101 272049
19419 274857
17079 277437
16351 278319
11179 285111
9287 289555
8561 291293
7077 295885
6317 299245
6014 300630
5433 303359
4614 304907
4302 305903
3678 308951
2610 314729
2363 324339
1710 325304
1685 329776
1463 330982
0 345766

59501 283520
56432 284994
55684 285478
51860 286183
47000 287429
43931 288903
43183 289387
43130 293630
35623 296181
35489 296293
30763 297427
30629 297539
27703 301662
23691 307385
22963 308729
19635 316815
18023 323325
16673 329025
15411 333103
14860 334640
14405 336245
14146 340976
14096 341174
12776 342293
11708 345786
9344 350885
8168 358530
6334 359657
4984 365357
4634 367582
4406 372894
4349 373597
3906 376774
3104 378550
3056 379286
2604 382430
1754 384900
1404 387125
1386 387570
1368 396944
1134 400629
954 402084
900 403495
810 417054
738 417956
504 420743
72 429691
0 432723
