51908 246100
49694 246634
48326 247993
41972 248948
40711 249455
40604 250307
39343 250814
36688 257079
36268 257394
36134 257506
34778 258730
26803 259259
26669 259371
26309 259743
25435 260618
25301 260730
24941 261102
19849 270003
18481 271362
17701 272857
17663 272935
17226 274407
15804 282918
14436 284277
13791 286643
13506 287603
11763 296510
10983 298005
10916 298841
10437 299125
9786 300910
8591 308542
8456 310650
8333 310796
8119 311616
7651 313898
6266 315474
6158 320050
5336 325658
4220 326716
2654 336315
2464 340662
2290 342221
2030 342405
1974 343427
1822 344503
1352 345065
1302 350043
988 350971
728 351155
364 351810
0 355786

53774 240889
53494 240927
53360 242159
52278 242721
51998 242759
49286 243019
49006 243057
47526 243085
47246 243123
42009 243186
41729 243224
37571 244092
35597 244275
35317 244313
33745 246013
32737 246433
32286 246693
29140 247077
27628 247714
27494 248946
26880 249598
22348 249994
22214 251226
19900 251252
19766 252484
17380 252652
15987 253597
15098 254262
14964 254412
14694 254874
13308 257436
11852 261160
11534 262318
11496 263758
10380 264215
10110 264677
8654 268401
8336 269559
6386 277834
6074 279496
5762 281228
5450 289974
5138 291840
5126 295085
3734 295944
3656 302010
2886 302472
2804 303355
2486 304513
2174 306379
1326 312907
702 320615
234 322567
0 325813

67613 244036
66488 244189
66383 246184
65258 246337
49164 249088
47489 249713
46373 250445
45911 250835
45143 252593
44681 252983
40610 255702
39469 257681
39380 257850
39007 258065
36688 259624
35023 261754
33706 262932
32767 264922
31056 265582
29860 266870
27611 270588
27191 271372
26377 275102
25362 275866
24942 276650
24805 278754
23165 281196
21427 283873
21283 284013
20452 286447
18580 286716
17384 288004
16964 288550
16817 293134
14614 295286
12466 295934
9352 302540
8952 307192
7840 308168
7440 309698
6516 315137
5856 319902
5826 329232
4932 329911
3501 333157
2982 334141
2662 334825
2060 340834
1150 341209
1074 347707
198 347753
0 348259

55692 297005
45880 297790
38740 299820
35574 305650
35019 305948
34590 306202
27316 308493
26835 308889
26311 309345
25896 309741
24508 311465
24248 317452
23973 317638
20798 317681
20746 320571
19890 321343
19674 322633
19444 323900
18042 324227
17125 326941
16328 327041
15678 327577
14439 328845
14012 329324
13651 329803
12948 331127
12479 331859
12443 337475
12330 337569
10684 337679
9947 338183
9641 338981
7429 347521
7332 347983
6847 350573
6039 355563
5724 356518
5634 356923
5310 358631
5244 359711
5147 360173
5130 360336
4662 362763
4495 363845
4293 369181
4212 369730
4155 371649
3948 371678
3096 372159
2988 374439
2556 375563
1746 381021
1242 385141
1062 390261
702 404341
531 417304
513 417668
378 421013
288 424686
0 434995

79892 245298
76137 248278
72343 254948
70783 256048
68658 257818
67289 259090
65269 260860
64289 262851
60187 263458
58210 265579
53293 270936
52198 272436
51808 275833
50221 278005
49989 281806
49353 282298
46987 283479
46308 286960
46104 288376
43900 288960
43518 292060
40568 292086
38762 294357
36032 298116
33242 303216
31052 303379
31032 307363
28262 308479
26232 312371
25502 318811
21034 324216
20551 325412
18598 330998
17105 339735
16313 342083
15152 345321
14360 347669
11830 350597
8794 359521
8384 364920
6946 365695
5866 369979
5612 373883
4894 375217
4850 380211
4112 386487
3950 387192
3002 395434
2402 397624
574 399073
520 399700
516 402756
500 407726
436 420622
126 437188
0 440289

90258 239118
87849 239250
78624 242400
75074 243750
57551 251184
55325 252556
53225 253881
51643 255001
34816 268775
34609 268962
31054 272457
30478 273149
30226 273495
28804 275733
24800 282753
24746 282889
21938 290233
20348 294923
20274 295151
19218 299487
17886 307479
17566 314221
16764 316914
15550 317245
11546 324265
11492 324401
11418 324629
11286 325203
9954 333195
4848 334503
1460 340443
1406 340579
1332 340807
0 348799

54842 266560
51346 267144
45249 268418
44481 268730
44121 268882
42349 271207
40580 272113
31980 274136
29244 275944
28628 276416
28356 276628
28228 277407
26206 279584
24840 279607
23470 281392
22104 281415
20540 282933
17468 284469
14732 286277
12080 288344
9466 292925
7460 294854
6190 297671
4184 299600
3655 301706
2684 304055
1855 305126
1175 306921
804 308265
174 312000
104 312485
0 313631

37572 253488
25112 254912
24122 255429
22428 256551
21614 257222
20228 258641
20094 258785
18690 260333
17982 261133
16014 264097
15078 265597
14054 267785
13640 269004
12444 272822
11464 276239
11436 276278
11330 276383
9926 277931
8990 279431
8065 280776
7045 282289
6109 283789
5976 284064
4876 287408
3266 292490
3162 293320
2928 295885
2922 298228
2390 298859
1870 301683
1662 303079
1104 305559
1094 309525
834 311155
330 311364
60 313404
0 314143

67908 217941
59567 218701
59270 218733
59130 218755
55850 219600
54265 219630
53505 220160
51920 220190
50478 220673
45128 223265
36321 226601
36053 227065
34240 228262
33199 228421
32145 229367
31386 229618
30882 230017
29852 230857
29023 231187
28352 232182
27210 232384
26706 232783
25676 233623
24176 234948
22304 236625
21807 240641
18904 240875
16944 243465
15552 246148
14681 247409
14212 248284
14079 248609
13623 249853
13154 250728
12915 251681
11990 253800
11704 261183
11100 263245
10584 264185
10318 264669
9833 266144
8814 268460
8696 268869
7823 269347
7485 270439
6731 273850
5155 275281
4230 277400
4063 278767
3710 279080
3615 284034
2383 284521
2005 285858
1470 286752
1451 286951
1402 288027
673 290952
606 291274
397 293463
235 296388
19 301608
0 302187

76163 240049
75073 240159
70033 240929
69298 241409
69259 242680
51080 242850
49990 242960
44950 243730
44215 244210
38995 247702
37475 249174
36845 249809
34973 251921
34703 252227
29244 254811
29100 254833
24425 256049
24281 256071
20726 258681
20456 258987
19868 259763
18545 262976
15828 269801
15252 271635
14935 284832
14359 286666
9970 293485
9582 295177
9334 308269
9077 308516
8916 309389
8689 310208
8020 311941
5079 315526
4467 321884
4462 328097
4420 329715
4186 330557
3850 334455
3574 336915
2358 349079
2254 357049
720 376799
0 396919

103211 261907
90436 266072
89116 266657
81760 270668
80440 271253
79896 273272
78711 273857
77260 274333
75178 277172
73993 277757
68236 278921
65392 279652
64996 279820
63676 280405
58930 283009
53239 286915
52536 288617
49412 290321
48055 290947
47407 291766
45012 293861
41888 294482
40976 295148
38808 296748
36432 298596
34304 300724
33656 301543
29768 306565
27770 309184
26758 312135
26110 312954
24500 315369
20930 318634
19320 321049
15420 327799
14356 330375
12052 336567
11918 354092
6436 356295
4709 363973
4169 366443
3774 368563
3162 372133
2412 382376
792 387283
558 393075
36 396523
0 397251

52342 256823
50044 258031
42295 258149
37955 258165
32833 258841
24481 260349
23641 260614
21961 261574
20407 262687
19777 263162
18797 263918
17957 264770
17687 265088
17141 265823
15881 267818
14281 270478
12728 274924
12548 275209
10868 278849
9181 279199
7231 283949
6041 287094
5565 288464
4643 292076
3765 294548
2991 296661
2595 298201
2186 301338
1806 302669
1410 303751
1039 305798
941 306908
570 308955
210 313923
0 325263

63034 277811
58983 279566
58601 280726
55073 280814
51928 282114
51312 282581
40957 283118
40392 283637
38928 285121
37450 290258
37191 290454
36617 291573
36428 291718
36358 291788
32418 292231
29748 295231
29484 295619
29204 296031
28912 296471
27799 301578
26635 302211
26629 304081
25071 304189
24066 305839
23808 306041
23406 306950
21349 311116
21057 311556
20606 311830
20299 312740
19815 313820
19617 313860
18957 314971
18615 315417
18263 317324
16795 318134
15355 320438
14695 321549
14427 326072
13412 326254
12455 327813
11186 328248
11003 331053
9734 331488
9358 332556
8868 333977
8725 336697
7285 340505
6925 341662
6515 342947
6341 347775
5977 349979
5673 351522
5665 352151
3701 353279
3633 353546
3493 354388
2277 366932
1701 377172
1107 391065
837 401910
702 407580
369 415991
297 418539
162 424209
54 432393
0 436971

76897 245322
73827 245338
42896 247671
41996 247821
41371 248471
38216 249306
37591 249956
35606 251826
34981 252476
34771 256267
32233 259210
26983 262533
25123 263339
24531 263763
24323 263915
23899 264315
23557 267262
21647 267717
18799 268474
16823 269918
16240 272976
15615 273626
12795 273642
12525 274053
10425 277513
10005 278311
9515 279634
9199 280510
8829 282966
8250 284033
7024 284913
6957 285008
6921 287134
4962 289538
4769 291015
4409 291835
4197 292675
3720 293448
3326 294032
3089 296603
3022 296856
2183 297434
2170 299772
2104 302446
1233 304184
1220 306522
1154 309196
972 310526
67 314656
0 315283

48378 240823
47018 241249
39977 242342
35917 243357
34657 243825
31842 243993
31374 244218
30940 244476
29623 246754
28893 246858
26779 247530
26311 247755
24968 248571
24482 248925
21752 252061
20394 253951
19614 255059
16239 259633
15816 260188
14458 262078
12885 264575
12599 265103
11840 267709
11411 268465
11398 268731
11183 268933
9959 270075
9731 270543
9497 271115
9430 272476
9266 274811
9038 275279
8351 275324
8123 275792
7889 276364
7150 278908
6235 279421
5678 282891
5008 283808
4093 284321
3859 284893
3659 287033
2764 287728
2564 288594
2163 290786
1935 291254
1701 291826
606 294661
406 295303
390 295415
0 300230

39884 230515
35548 230947
31222 231472
31082 231501
27662 232375
26220 232746
26134 232772
23764 234122
19826 237774
19254 238346
17874 240496
16810 242421
16662 246720
16020 247332
14500 247338
13588 248630
13384 250638
10766 251044
9386 253194
8700 254433
6600 258903
6408 259438
5832 261337
5088 264854
4896 265389
4320 266433
3540 270693
3302 272071
3198 272881
2748 273533
2556 274068
1980 275967
1668 277275
1430 278653
1326 279463
970 292715
918 293532
394 294614
342 295431
156 295992
52 296802
0 297610

90410 226851
88893 227243
82038 227971
77890 228651
77306 228787
76405 229025
75528 229313
74944 229449
72149 230737
70688 231289
69959 231667
66349 233840
65463 234322
65220 234456
63759 235232
61937 236465
61797 236558
60476 237241
60336 237342
58889 239505
57867 239939
57611 240533
56047 240966
55281 241420
54769 241747
54003 242163
51596 243675
50318 244418
49268 249063
43545 250832
42084 251616
40908 253424
36518 257163
36402 257275
36209 257488
33344 257949
33228 258061
33035 258274
32066 258692
31950 258804
31757 258998
31064 261748
29786 262301
28736 266946
27944 267548
26666 268101
26322 271622
25359 271738
25213 271800
24337 272172
23113 272985
22237 273357
20232 274748
19653 275321
18552 275612
17973 276185
17046 277160
16755 279770
15075 280634
13671 283910
13478 284390
12831 287762
12638 288242
11528 289915
11445 292477
11235 292872
10688 293767
10134 295973
9831 296148
8940 298475
8925 298662
8770 300053
7701 300927
7536 301751
7482 304171
6975 304187
6297 304203
6087 304694
5508 306134
5455 306958
5394 307855
5109 310677
3558 311659
3505 312483
3130 315607
2462 316035
2409 316859
1962 318095
1692 324265
1542 324407
632 324897
416 326691
288 329566
0 330259

62500 294467
60060 295207
59592 295513
56667 297556
55120 301591
54652 301897
50777 302330
47652 304955
42250 309654
41902 310116
39201 313816
37225 317521
37094 323098
31737 329432
30175 332171
28890 334307
28645 340727
24815 344075
23003 346574
20835 354231
17851 359109
17020 361143
14439 368907
13005 371208
12125 373426
11763 381667
8719 383217
8359 384209
7978 384475
7618 385467
6190 390363
6028 390935
5736 392157
5089 395678
4938 396357
4371 399651
4291 399878
3787 402806
2327 411536
2181 412746
1305 423318
929 428194
365 437362
0 445007

132509 269786
123010 269932
117487 270226
114331 270394
113964 271396
110808 271564
110282 271862
107083 273543
106863 274124
98939 277511
98413 277809
94994 280071
92372 281877
91706 285815
91064 286953
89394 288063
63585 288337
60875 289487
59075 290647
54873 291991
52163 293141
49883 295266
49373 295500
48992 295677
48398 295953
47534 296421
45584 297891
42548 302618
39774 303533
33127 310755
32701 313260
30057 314645
27865 317981
23205 326780
22009 329165
21385 330421
19957 335607
18003 335924
17405 338901
16167 339260
15543 340516
12435 348440
11441 354685
9771 356492
9449 357524
9221 361395
8935 362793
8718 363947
7549 364383
6937 366660
5087 378035
4212 383544
4028 398351
2893 400012
2444 406528
1749 410110
1488 423250
0 426775

86707 284188
74233 286540
72533 286965
72389 287008
70589 287633
70201 292791
68501 293216
68357 293259
68069 293834
66557 293884
66520 300664
66413 301313
63865 301344
52337 301907
52210 302014
51274 303015
47473 307446
47095 308174
46416 310911
45765 311601
44829 312602
43441 313697
43063 314425
42415 317714
40223 320106
39319 322057
38152 323791
36352 324416
28470 326385
28343 326492
24818 330578
24542 330923
23606 332106
23228 332834
17366 335294
16430 336295
15870 337212
15499 337898
14699 345568
14048 346258
13688 346713
13434 347295
13271 350626
12719 351283
12068 351973
11708 352428
11454 353010
11412 355152
10852 356069
10481 356755
7075 357770
4795 363812
4163 366284
4100 370703
3030 372882
2730 373677
2380 375202
2359 375975
2120 376418
2057 376627
1757 377422
1503 378406
1243 379622
1125 379894
775 381419
515 382607
144 385428
0 389212
