45852 294022
42828 294295
37508 297259
32426 300388
31430 301114
28406 304522
27302 305857
25124 308584
24164 310129
21032 316213
19412 320047
17672 324094
17172 326287
16448 328539
12788 331156
12108 332141
11382 333340
11330 341081
6454 343036
6119 343956
4205 350945
3341 354161
2951 355691
1591 361339
1116 363539
684 365651
0 380281

99537 203474
90315 204025
89424 206670
72503 208332
66753 209988
65409 210884
63978 211856
56706 217580
49793 223563
48608 224361
48233 224670
47079 226918
45233 227814
42110 229917
39735 231798
38020 234303
33020 237383
32916 237783
32895 238598
30992 239411
30270 241265
27545 244636
26385 246446
23160 249099
21132 251127
20712 252533
19724 253996
18684 254561
17804 258631
16764 259196
16494 260042
16322 265269
15722 266819
15430 267242
15400 267306
15160 268097
15046 269682
14776 270528
12952 270740
12682 271586
11970 274890
11256 279402
11096 279793
9814 279817
9544 280672
9252 282321
8808 283465
8450 285144
8140 285280
6804 285755
6676 286064
6406 286910
5786 291949
5552 292930
4670 293098
4550 293568
4316 294549
4264 303673
2370 307289
2318 307533
1196 308629
1144 308873
0 317409

112614 229840
109913 231986
103901 242978
100772 243008
100259 243677
98409 246127
97830 246973
92377 256075
92179 256495
87247 261654
87080 262973
84799 263252
80047 266948
58761 267176
55221 268472
53613 269192
53127 271272
48930 271460
47922 272084
47774 273089
46745 273797
46493 274019
45699 275317
43344 275549
42030 276593
41037 277538
34395 280344
33387 280968
30487 282575
29479 283199
28809 284433
27031 284797
22453 288262
22051 288601
20372 290257
19572 296349
17233 296816
14526 297130
14272 297520
14002 298042
13804 298462
13258 299953
12008 303383
10676 308387
9488 313139
8560 323141
8014 324730
6784 327231
6160 334237
5868 339573
5042 343573
4680 344253
2742 344859
1554 349611
1456 361161
0 361371

59132 250843
50300 255719
47759 257210
32412 258472
23502 260482
19799 262069
18419 262667
17019 263339
16885 263451
12556 267637
12010 268229
11152 269373
9423 272103
4680 280773
4356 281517
3516 283611
2840 285548
1440 291078
504 296352
0 300468

54353 286177
50482 286863
50362 287975
47554 288133
47181 288565
46491 288661
38683 288969
35323 289593
34243 291388
33859 293154
33644 294595
31558 294724
21892 296105
21802 296155
20290 297019
20085 297180
18260 299280
16400 301512
15170 303144
14372 306068
12643 307400
11767 308912
11677 309082
11362 309887
10997 310822
10393 318398
10078 319203
9713 320138
9306 321118
9216 321288
8901 322093
7038 322588
6086 325878
5542 327982
5290 329338
5060 335041
4516 337145
4264 338501
1510 351598
1492 379448
1150 386155
1122 393659
1080 406007
1050 421442
528 472630
242 478361
0 500625

95225 259794
61578 260590
58519 261059
57721 261227
42346 262196
42022 262328
40720 263006
40312 263324
39592 265206
36820 266348
34840 268088
34120 269970
32560 270232
32098 270834
30130 273722
29668 274324
26588 280375
26377 280741
25783 281821
24158 283865
23947 284231
23353 285311
21603 289917
19173 293407
18273 295367
17743 296537
16312 301498
14671 312258
13969 315760
13664 319744
12962 322903
12932 324657
10884 329007
10352 329860
9554 332542
9022 333395
8940 336002
8832 336881
6558 341390
6026 342355
5818 343234
5178 346657
5134 346920
4970 347520
4286 350598
4074 352182
3702 355213
3023 358391
2150 362783
2078 363239
1925 367459
1018 371239
630 374299
388 379059
252 381292
0 382927

103604 260369
99516 260593
80443 260755
75922 262845
74360 263670
74181 272183
53640 274955
50245 277055
49921 277313
49787 277425
48710 278355
47900 279165
47471 279606
47249 279870
42769 285670
42589 285934
41758 287272
39548 291766
39338 292620
36969 294556
33878 295906
33668 296760
30210 302678
30074 303690
28580 305028
23672 305566
23312 305980
23196 306155
23102 306834
22986 307009
22266 307605
22192 307743
22056 308459
21982 308597
21392 310735
21182 311589
19592 316998
18792 319990
12645 330665
12435 332106
6223 340469
5863 341093
5653 342534
4673 345887
3409 350991
3124 352587
2844 354523
2636 356811
2402 359673
1326 366335
1092 369197
714 373845
708 420290
578 424505
560 431966
364 457576
204 461616
180 464488
144 467676
90 471626
84 476531
14 485841
0 491098

82448 277247
82083 277313
59671 279544
58417 280019
55757 281064
49655 284070
46603 286142
46183 286433
43807 288557
41217 290965
35896 297442
33113 301479
32602 308193
29351 308409
29327 311823
26596 311890
26415 312179
26303 314033
26262 315693
25607 315731
25195 318091
22995 318479
22993 320317
22319 322912
21433 325021
20151 325719
19185 325729
18835 328623
18277 328741
17693 329941
17103 331343
16183 332871
13705 338073
13147 338191
11625 340489
10661 344444
9945 344665
9817 345579
9259 345697
8493 347251
7573 348779
7443 349751
6523 351279
6095 352827
5675 355189
5267 356075
5201 356512
5189 357979
4715 359302
4199 359799
3371 363047
2831 364807
2345 367597
2246 368430
1418 371678
1406 372444
878 373438
656 374695
578 375692
486 375913
392 376228
170 377485
134 378404
0 378703

32706 255820
30005 256412
29585 257515
28349 257580
27209 258195
27149 258436
25589 258681
25139 258960
24799 259245
24619 259413
24254 259783
24053 262537
22874 263324
20636 263617
19860 264697
19257 265600
18777 266440
18321 270493
17012 270736
16157 271747
15977 271990
15201 273070
14919 274096
14399 275423
12909 276256
12562 276983
12485 277102
11709 278182
10503 280120
9360 280130
8584 281210
8104 281962
7899 282295
6709 285270
6589 287735
5037 289846
4659 291376
4468 293699
4039 295412
3255 297356
2473 302082
1913 305034
1715 305430
385 321600
133 325254
57 326698
0 328063

122465 270965
122183 273997
120270 274110
106561 275221
106165 275353
105058 278745
104985 281122
101059 283585
99719 284325
93904 285002
92113 286163
90817 286955
84994 288452
83698 289154
79738 290050
72565 301229
70936 303195
61486 304324
57598 307508
56510 308580
55978 309328
54682 310030
52810 311161
52646 313150
50770 313171
49258 314773
48858 315217
48700 319411
48684 321884
46558 323051
42208 324947
41758 327956
40102 328565
39652 329400
36592 336234
35668 338641
34156 340243
33756 340687
33528 348529
33166 349852
27106 350417
26656 351252
26380 351866
26032 357550
24676 364157
21850 368263
19204 368610
18856 374294
17500 380901
17212 385210
13864 386646
12904 388710
12712 389802
12396 397063
11200 397401
9940 400866
9640 401596
9510 402151
9324 409351
9250 409788
7315 411261
6390 415071
6260 415626
5390 422504
5260 423059
5015 429615
3950 438072
3220 442842
2010 444866
1385 449656
260 459040
26 461329
0 461668

57387 203073
48495 204669
44400 206645
42528 207880
40683 209420
39783 210272
37053 213702
36537 214590
35601 216336
34691 218072
33741 220246
33117 222750
32171 224294
31366 225097
28845 227062
27885 228437
27157 229795
26247 231531
26013 233003
25779 233456
25077 234240
24219 236484
24107 241213
23007 244660
22621 249499
21254 249554
20794 250826
20343 252731
20083 253379
19694 253972
17526 254976
16071 259581
15351 262029
14815 263901
11876 275956
11340 276776
10068 289942
7654 293268
7225 300592
6450 301640
5703 306592
5375 307882
5257 310823
4079 313000
3871 313832
3778 321847
2667 322204
2279 325016
1794 329976
1248 336815
1170 337440
624 344255
508 349494
468 350760
0 351719

79232 311081
77560 311697
76100 312353
75363 312782
55623 312908
53016 312989
50948 314457
45448 314892
41080 318224
38840 320408
37040 322268
36776 322547
35512 328392
30496 329267
27697 338765
25411 345371
23683 346901
19192 346907
18082 348749
17386 350258
15692 353932
14587 367136
10694 367540
10514 368047
9266 372007
4838 388888
4810 390568
4657 391605
3444 392322
3354 392566
3328 392649
1456 399057
1294 399840
1242 400616
1026 404696
648 427082
612 429714
351 457002
333 458446
243 462268
162 470836
144 479014
90 479852
18 491838
0 493272

76267 267469
75287 267588
75278 268080
74697 268885
73717 269004
73550 269009
72430 269145
65455 269802
64859 269832
64335 269938
59491 271328
58943 271820
50915 272578
50135 272774
49625 272918
45502 274704
44864 275955
39782 276131
39246 276337
38736 276475
36262 277938
35752 278118
35475 278451
28893 279688
28137 280136
26235 280443
25725 280638
24975 282393
24465 282588
24392 283080
24307 284162
21549 285249
19619 286752
19109 286938
18917 287114
18685 288878
18409 289340
18238 289635
17909 290104
17836 290596
17425 290828
17149 291290
16978 291585
14741 291638
13381 293578
11082 297283
9978 299087
9465 299972
9306 300266
8900 301280
6638 307051
2966 316609
2426 318025
66 326865
0 327228

106039 232967
104230 233642
101958 237571
100149 238246
93163 238819
93006 243655
92709 250029
81867 253996
71028 254977
61998 255034
59118 257464
57759 258715
55887 261449
54769 261705
54528 262700
51259 265384
50443 266317
50202 267312
49559 271130
46857 271287
46494 271803
46053 272566
45157 276217
44794 276733
44353 277496
38624 280362
38261 280878
36924 286108
36561 286624
32213 290916
31772 291679
31553 292096
30069 295491
29853 297842
28369 301237
27211 307611
26995 309146
25915 310608
24981 310995
23813 314785
23497 316203
23177 316723
22680 319385
21693 321931
21588 323963
20876 325113
20827 326112
19784 329691
19127 331042
18526 334502
18256 335741
17643 336250
16826 339432
16556 340671
14388 353768
14380 358536
13865 358859
13799 358895
13016 360026
12746 361265
11202 361814
9948 364987
9017 367556
8947 370437
7840 372627
7514 376753
6839 378077
6058 383841
5383 384588
4843 387718
3381 396840
2982 398421
2731 399829
2332 401410
1452 405711
742 409369
532 411106
324 413500
0 420934

32683 269923
31227 270031
26589 270333
23179 271747
21723 271855
18570 271872
16747 273859
13530 273867
13396 273979
12820 274467
11812 275403
11707 275854
10251 275962
9782 276508
9567 278264
9381 278431
9263 278850
7807 278958
7537 279369
7072 280639
6001 282220
5731 282631
5266 283901
5103 291348
4543 292364
4151 293080
3631 294736
2671 297888
2194 298599
1856 299873
988 300001
650 301275
0 308675

70053 210732
69112 212312
60400 212692
59459 214272
54352 214372
53411 215952
50556 216400
49834 217863
45056 220668
44334 222131
44093 222730
42336 224502
41430 224980
36288 226182
35556 226875
35042 228249
34412 230532
32374 230659
31638 232297
30862 233487
30672 233877
30126 235125
29936 235515
29902 235564
28836 237925
27188 238092
25606 240059
22372 245960
22182 246350
21918 247026
21190 249014
21030 260087
20914 261068
20654 261215
20454 261971
19074 263363
16276 265142
15476 265570
14328 268900
14068 269047
12716 269204
12058 272525
10888 273500
10628 273647
10142 274274
9614 275264
9354 275411
7436 279554
7176 279701
5898 283865
3278 287870
3018 288017
2862 288416
2808 288600
2782 288822
1826 290906
1098 292894
378 295495
0 296937

135466 212349
129166 213497
123608 215807
108106 223397
97046 229207
94548 237339
82650 238942
82023 239386
80175 240842
79339 241666
78828 242268
75978 245943
75516 246615
73480 254075
73018 254747
67737 256904
66609 257728
63759 261403
59279 267203
58989 278880
50915 279585
49283 282273
49080 295729
42787 296251
42587 296863
39974 299669
37841 301235
35870 303233
33020 306908
30908 309980
30758 316607
28598 316700
28398 317312
26616 322928
26336 326399
26136 327011
26077 330029
23839 330477
21529 337197
21329 337809
21144 340598
20395 348973
20195 349585
18902 350510
15374 353104
12524 356779
12324 357391
10812 369847
10650 385409
10135 391304
9863 393517
9663 394129
9161 402265
8961 402877
7008 407745
6414 408493
5712 417241
4496 423441
3902 424189
3598 427325
3158 432101
3146 439303
2842 441333
2794 442071
2248 442081
1858 446671
1696 450865
1500 459213
1314 467864
1294 470934
1272 472209
1252 475529
1194 491821
718 503294
658 572531
618 572875
510 578480
172 579965
132 580309
90 584677
60 589267
20 597267
0 605087

104671 231787
42583 238177
40285 239239
39561 242058
37304 242858
36196 243361
35332 244011
31536 244033
30710 245280
30364 246018
26721 246212
24745 248575
23881 249225
23503 249475
23369 249587
22961 249953
22639 250125
22505 250237
22448 250463
22097 250603
21584 251113
18054 253016
17920 253128
17407 253638
17158 253943
16768 254713
16260 256150
15747 256660
15630 257016
15117 257526
14863 257824
14710 258054
14233 258690
14080 258920
13794 258926
13281 259436
12397 260600
12382 262104
10537 263266
10384 263496
10006 264084
9611 265728
8914 266982
8519 268626
7510 271590
7115 273234
6340 276015
5945 277659
5155 280935
4784 283449
4219 285231
3848 287745
3532 291525
3428 292033
2737 292394
2633 292902
2366 294908
2262 295416
1166 306272
371 307141
0 309655

89306 241128
87010 241880
86299 243674
70487 244455
69029 244698
63170 247182
59165 250458
58850 253415
56311 255598
49883 255717
49172 257511
41003 259197
40292 260991
36167 261894
35083 262570
33638 263675
33590 267211
33208 267497
27302 269417
27254 272953
20856 275709
19416 277325
17736 279317
15336 283605
15062 284215
13312 289040
12712 290760
11212 297536
10612 298230
9884 302462
9099 306054
8876 314533
8210 316790
5794 318834
5066 322040
4970 322550
4772 325751
4704 327072
4044 329983
3819 330936
3767 331273
3748 332262
3072 336157
2806 340679
2201 342206
1525 347861
1413 348909
881 354248
405 361677
6 370854
0 371013

58081 238916
55441 240368
53036 241720
45224 247537
43472 252691
41067 254043
35761 256865
34830 257823
33356 258217
31434 259457
29120 261331
28122 262993
28004 263155
27198 263439
27080 263601
27070 264192
25972 265296
23738 267496
22640 268600
21974 269284
21713 269679
20842 270376
20363 272654
19690 272743
19502 273173
18904 274783
18151 278736
16986 280117
16940 280301
15838 283311
15775 285258
15424 288372
13934 292138
13593 292342
13489 292482
13269 292978
12166 294786
11919 296368
11786 296707
10966 298836
10868 299767
10324 301747
8800 310109
8623 310119
8493 310398
8490 310458
8386 311888
8085 312135
7876 312421
7572 313518
6750 313747
5832 317742
5418 319683
5260 323599
4359 327900
4245 335217
2889 337371
2661 339039
1962 346563
1848 350809
1712 355920
1710 358757
594 359046
583 362110
442 365558
0 367896
