117223 236323
116620 236494
66902 237868
41119 244889
37702 245858
36667 246163
36043 246475
35660 246674
35400 246814
35157 247905
32046 250999
31422 251311
31162 251451
30891 251650
29926 252375
29785 252492
27138 252696
26173 253421
26032 253538
25879 255723
25738 255840
22777 256478
22483 258780
20465 259164
19754 260214
19687 261592
18116 262671
18049 264049
17837 264441
16717 267252
15056 268638
14634 269526
12019 275676
11274 277146
8659 283296
8516 283673
7732 286396
7403 287623
6619 290346
6020 298756
4580 303444
2804 304612
1691 308562
1425 313995
1197 317142
1026 318324
950 319845
836 323359
551 326574
209 331974
19 337224
0 337858

67626 271930
65742 272962
64854 273494
56006 279066
55503 289207
55247 289339
54235 290069
42342 290210
38778 293162
29538 301148
27802 303024
23490 310304
23304 310664
23231 310843
23199 325480
17938 325650
15838 332790
15534 334394
15189 342846
13437 347726
11637 353486
11485 354154
10893 358537
9333 360257
7122 362699
4572 365819
4428 366027
4164 366699
3228 369675
1512 377579
0 385111

46411 251809
40178 252108
39746 252135
39330 252647
38154 253081
37686 253306
35882 253469
35414 253694
33272 254867
32609 255347
32420 256382
31952 256607
31289 257087
29309 258107
28945 258478
27873 259582
27625 260218
27009 260702
26553 261322
25966 262193
25689 262442
24646 263933
24286 265693
21946 268793
21788 270178
21125 270658
20394 272329
20238 272733
17825 273418
16961 274538
15918 276029
14238 279053
14082 279457
12850 282801
12700 283131
12559 283629
11972 284643
10262 288272
9971 289100
8291 295092
7915 301611
5866 303792
4920 307653
4439 315197
4238 315800
4127 315873
3926 316476
3716 317043
2330 318235
2018 319715
718 326565
682 326783
302 331827
266 332045
162 333173
0 336008

88988 221523
84181 222205
82721 222525
70011 225397
68332 225765
60649 228183
54265 230197
54165 230285
48932 233865
48733 234586
48302 237156
42685 237190
41821 238774
41087 238860
39577 240542
39322 240598
38645 240784
36385 242734
33277 246086
32345 246328
31723 246841
30170 248868
29992 249416
28438 250171
26885 252198
25437 253830
25428 255159
25097 256813
24081 258333
22457 259409
21801 260575
21237 261012
19975 261925
19319 263091
18169 263899
17871 264723
17181 265096
17091 266354
16925 269244
16916 270573
13671 271905
12981 272278
12891 273536
11804 279727
9359 280137
8669 280510
8579 281768
7864 282330
7084 285148
6404 286090
5624 288908
4004 296253
3362 297166
3050 298280
962 306142
650 307256
78 310688
0 311705

69217 225046
63023 225823
61125 226487
58749 227163
53546 228553
49542 229724
48788 230269
47166 230400
46542 230712
44885 231362
44754 231866
44238 231882
44031 232026
43897 232138
43789 232434
42401 233568
42293 233864
30650 234599
30026 234911
29751 235055
28695 235911
28561 236023
26551 238443
24402 240748
22901 241043
22017 241264
19281 242252
19147 242364
18091 243324
16590 245205
15958 250930
12866 251141
12506 251741
11946 252885
11139 258995
10640 260547
9638 261170
8058 262173
7454 264029
6376 269662
5634 270295
4556 275928
3870 279757
3168 289588
2880 293012
2178 302843
2084 309668
1710 309887
1386 317981
1296 320605
1256 324405
1192 334133
1052 340130
972 341847
460 342250
432 345787
16 346018
0 351042

49683 248218
46511 249346
45779 249739
45188 250123
42627 252362
40061 254272
38984 254848
38892 255539
38548 255771
37568 256739
33656 259424
30490 263353
29510 264321
28856 264987
28357 265954
25598 267006
23465 269607
20875 273447
19579 275472
18307 278552
17812 279911
16822 283136
16675 289793
16415 289829
15986 291239
15553 293992
13770 295372
12516 300521
11625 307416
10734 308594
10371 312565
10006 312864
9643 318332
9082 318786
8826 319543
8589 320638
7861 324908
7684 326862
7044 327616
6937 330830
6316 331886
5392 337808
4746 340018
3822 345940
3696 353345
2706 365480
1710 365524
1584 374426
78 388732
0 390760

53151 285182
51711 285410
50311 286054
43661 287288
42221 287516
40821 288160
38611 289047
38083 289167
35939 289394
34499 289622
34067 290174
33099 290240
30361 291273
29713 291543
29647 292254
28679 292320
25293 293623
24733 294063
24463 294978
23903 295362
23063 295596
22861 295753
21743 296972
21545 297133
20903 297216
20343 297656
20145 297818
19621 299317
19065 299627
18221 299976
17805 300923
15967 303386
14079 304859
12639 306599
12005 307383
10043 309705
9707 310233
8205 312168
6345 315144
5361 317172
4101 320268
3857 324433
3307 325077
3139 325455
2705 329089
2345 330264
1886 332274
1692 335004
636 337224
0 339016

111342 258437
100422 259685
97910 260309
88951 262280
86439 262904
82348 264636
76724 266782
60219 271544
56154 273464
51256 275882
50866 276122
48319 277962
47695 278274
45880 279624
45242 279711
44222 280506
37238 287586
35242 290964
31576 295371
29433 296056
28372 299367
21945 306820
21313 308044
20884 309299
20252 310211
19862 311111
17062 318061
15594 321159
14418 324071
14264 326170
13865 327976
12378 329817
12108 330678
8134 335550
7864 336363
5944 343979
5545 345785
4115 352275
2576 371310
1640 387510
1560 390870
1203 412664
728 415789
390 420705
0 428250

48630 249528
36750 250648
34014 251180
32152 251628
27532 252750
25672 253680
25131 255092
23044 255264
22179 258020
20092 258192
18433 259928
17248 261253
16695 261939
16219 262548
15013 264192
14453 265080
14401 266566
13265 267038
13259 268166
13137 269021
12699 269054
12005 269342
11993 271174
11877 271325
11439 271358
11205 272681
10767 272714
9937 275238
9767 275314
8831 279396
8661 279472
8375 286020
8257 286382
7669 287798
7115 287982
6443 289338
6419 291061
5443 291938
4925 294416
4725 296327
3977 298958
3933 299546
3763 299622
3557 301294
3245 302100
2517 304991
2249 306035
2139 307546
1999 308412
1731 308513
1597 313323
1464 314268
1190 315807
878 316613
534 317270
190 321514
134 323960
0 325762

92390 242913
83717 244775
82149 245279
81477 245531
77235 247351
68455 248303
66887 248807
62645 250627
55670 254657
49260 267271
41534 268793
39495 275251
39081 275601
34496 276545
34082 281243
32258 282048
27751 286178
27750 286395
27026 287471
24890 290795
21719 296600
21403 298483
20371 298980
19780 299125
19024 300685
18148 302701
17236 306120
15588 311752
15243 327138
5023 332598
4391 335846
3911 338590
3120 344491
2880 364829
2222 365133
1680 370649
360 370806
0 374424

135593 205899
130303 206618
126089 206823
125178 207060
124792 207121
120799 207542
120432 207590
118530 208656
117274 208844
116690 208932
115812 209072
115144 209992
114280 210256
102547 210628
98947 211728
94399 213188
87399 213395
85737 213755
85251 214462
85089 215491
75222 215937
73560 216297
73074 217004
71967 217878
67590 218269
65568 218739
65082 219446
63804 219467
63318 220174
61131 221029
60786 221077
60345 221515
59481 222199
58113 222639
57327 223125
56463 223809
56175 225246
54603 225421
53952 226129
53664 227566
53421 227979
52770 228687
48704 236337
48416 237774
47522 238895
46916 239889
46628 240671
38316 242919
31692 244943
26652 247023
26288 247219
23615 248781
22751 249465
20891 251077
20240 251785
19945 254228
19549 254575
19294 254936
18898 255283
18321 255809
17457 256493
15597 258105
14946 258813
13804 264369
13570 264879
12850 266999
12132 268972
9698 269021
7784 272849
7550 273359
7028 274896
6066 279836
5544 282997
3614 297901
3378 299101
3358 301965
2416 304041
1562 309170
600 314110
528 316041
264 317082
0 320406

86568 273540
76119 275737
59106 277245
56770 277469
51357 279203
49593 279443
48813 279494
48133 280003
47353 280054
40591 282768
40578 282854
39131 283328
38919 283811
38128 284054
35587 285443
34394 286630
30730 286800
27692 288288
25119 290024
23223 291368
22029 292256
20932 293523
19273 294699
19231 295102
18816 295382
17698 295899
16969 296541
16078 297964
16000 298030
15307 298555
15100 299407
13648 299731
12838 301144
12695 303477
12250 304143
12236 304302
11179 304399
11018 304791
10940 305758
10805 306707
10346 307532
9975 307808
9856 308505
9631 308940
9626 309065
9382 310108
9152 310229
7900 310510
7670 311070
7196 312234
6572 314314
6399 317573
3952 321435
3478 322599
3328 324529
2854 324679
2601 326747
2405 328451
1930 332828
1804 334123
1180 344551
166 362335
88 369706
0 374139

143085 225030
136731 225372
134801 225722
132289 226706
131513 227018
126031 227886
107082 229065
89505 230262
61319 234679
55396 236659
41818 237837
41042 238149
35626 239465
34850 239777
34259 240029
32799 240779
32058 241169
31980 242013
30288 242544
28544 243803
26613 247475
22933 247833
22570 248097
22170 248449
20827 249724
19760 250824
18842 252645
18479 252909
17069 253853
16779 254405
15436 255680
14369 256780
14099 257248
13893 258430
13623 258898
12299 260470
12001 261196
11949 261362
11823 262120
8723 270733
8599 271233
8153 271738
7997 272236
6965 272500
4697 285304
3665 285568
2501 292036
1399 299866
1038 303096
732 307312
342 313252
0 320320

67141 253703
56653 254567
53725 254843
53326 254891
52690 255047
52326 255229
45142 264546
41722 266446
41548 266554
31587 267691
31417 267812
28765 269879
28621 270000
27249 271211
25807 272667
22639 275901
20373 279553
18147 283375
17430 285085
16952 286439
16364 288154
12454 299731
8086 302719
7916 302840
7772 302961
5016 308057
3367 311457
1855 316553
475 323246
0 328246

30681 296437
28377 297781
27193 299109
25981 300839
25431 302059
24449 302260
23695 303323
23265 303588
17411 304011
16103 305493
12949 306207
11639 307757
11339 308252
10699 311006
9539 311292
9026 312171
8064 314719
7659 315844
7638 321255
7578 321519
7254 325574
2069 347196
1107 347680
405 351613
324 352144
306 357376
108 357544
0 361343

75926 237922
68440 238644
62530 239454
56482 240420
53482 241470
51322 242640
50962 243775
48802 244945
47542 245790
45653 247154
45158 247918
44728 248304
41873 250304
41309 250784
38925 252912
36372 256057
36102 256366
35702 256854
33249 258225
32979 258534
32579 259022
31361 260630
31270 262583
31126 264296
27346 267505
26890 270083
24406 273245
23814 278437
23414 278452
21918 280033
21322 280565
20486 284053
20226 284608
18826 285675
15646 285878
15376 286187
14976 286675
14934 288493
13730 289620
13630 289720
13060 290329
10658 292890
10388 293199
9988 293687
8151 296809
7881 297118
7481 297606
6961 298846
6848 301617
6821 301668
5461 303136
5321 305958
4405 306384
3675 309824
3285 318062
2872 320971
1850 323549
1631 330132
536 335015
390 338526
146 339305
0 341097

138481 248591
138182 250512
107872 251097
101854 252461
98144 252505
90012 254162
89482 254262
88885 254426
79114 257934
78517 258098
69970 261390
69373 261554
61608 266311
61011 266475
60649 266733
57929 270925
55798 270966
54839 271388
52119 275580
51417 278987
46082 279170
45123 279592
42403 283784
39007 286320
38331 286456
35784 290423
35108 290559
35082 294726
34242 298269
32475 298325
31989 300014
28260 302215
27584 302351
27164 303035
27138 307202
24933 307934
24257 308070
24231 312237
21171 314688
20495 314824
19991 315825
19237 318549
18561 318685
18282 321982
17778 322983
17292 324596
15692 329619
15206 331288
13816 335524
11944 338133
11268 338269
11072 343082
10206 346119
9530 346255
9390 346923
7580 364996
5994 371584
4824 373236
4008 374040
3774 378996
2136 385793
1794 389837
1486 390943
1144 394572
0 414196

85862 240106
81655 241282
70532 241996
68756 244292
52118 244786
51065 244992
45422 245847
42263 247472
41759 247773
41704 249957
39310 251242
38984 251313
36664 251532
36160 251777
33395 255487
32888 256180
32806 262541
31636 264166
26588 265840
26200 269546
26148 271602
24772 272181
23060 273330
22826 274035
22468 275217
19919 277129
18422 283512
17960 284103
14135 284137
13966 284360
12796 285985
12458 287259
9750 301951
8430 302229
6792 305817
6558 306510
6410 310425
5592 312511
5070 314048
4836 314741
4020 315769
2798 320375
2298 324000
1638 327729
1076 328606
938 328931
704 330192
416 331642
0 337642

101198 242632
99202 244812
90292 248442
88540 249378
72983 253937
67207 257091
63706 269797
48955 271365
41179 277733
39031 280697
32095 290693
30853 292637
28677 296157
26994 299017
24264 304092
23553 305712
22977 307408
22187 310548
20009 311819
17861 314783
17831 315132
16683 319711
16660 323915
15995 323936
14763 324116
10925 324779
10691 325128
9683 326723
9467 327072
7507 330243
7355 330592
5824 333103
5672 333452
5113 334723
4961 335072
4537 336419
4385 336768
3747 339559
3595 339908
3469 343816
3130 344792
2340 347932
1772 348509
1620 348858
1494 352766
1155 353302
1033 354156
1015 357210
662 357320
536 361130
140 363265
110 368813
30 371350
0 376128

38030 227745
36470 228025
35521 228272
34372 228683
34192 228761
33994 228863
33575 229121
30751 230913
28891 232393
28451 232795
28232 232852
27083 233263
26903 233341
26705 233443
26286 233701
23462 235493
22682 236023
20296 237480
20032 237616
18448 238504
16144 240040
15902 242544
13598 244080
11964 244594
10079 247207
9215 248713
8638 249164
8203 249767
7339 251273
7124 251831
6700 255435
4824 257995
3534 261883
2438 266227
2088 267822
2070 268017
1216 283348
866 284943
848 285138
432 290994
0 298650
